1195.209
1193.0877
1179.7351
1169.06
1155.9722
1195.209
1193.0877
1179.7351
1169.06
1155.9722
1195.209
1193.0877
1179.7351
1169.06
1155.9722
1195.209
1193.0877
1179.7351
1169.06
1155.9722
1179.6605
1178.5754
1169.8075
1103.7293
1146.8568
1195.209
1193.0877
1179.7351
1169.06
1155.9722
1184.8492
1183.1242
1170.1658
1159.802
1156.4568
1185.0138
1183.2864
1170.3251
1159.9589
1156.526
1185.014
1183.2866
1170.3252
1159.9589
1156.526
861.54643
861.50888
860.1724
858.49386
856.74894
854.99122
853.23112
851.47064
849.71018
847.94981
846.18954
844.42937
842.66931
840.90936
839.14951
837.38977
835.63013
833.87059
832.11116
830.35183
828.5926
826.83347
825.07443
823.3155
821.55667
819.79794
818.0393
816.28076
814.52232
812.76397
811.00572
809.24756
807.48949
805.73152
803.97364
802.21585
800.45816
798.70055
796.94304
795.18561
793.42827
791.67102
789.91386
788.15678
786.39979
784.64289
782.88607
781.12933
779.37268
777.61611
775.85963
774.10322
772.3469
770.59066
768.83449
767.07841
765.3224
763.56647
761.81062
760.05485
758.29915
756.54353
754.78798
753.0325
751.27906
749.52798
747.77692
746.02589
744.27487
742.52388
740.7729
739.02195
737.27101
735.5201
733.7692
732.01832
730.26746
728.51662
726.7658
725.015
723.26421
721.51344
719.76269
718.01196
716.26125
714.51055
712.75987
711.00921
709.25856
707.50793
705.75731
704.00988
702.27183
700.5337
698.79577
697.05955
695.33356
693.66525
692.31929
692.31649
862.85065
862.83075
861.82293
860.32134
858.69388
857.02584
855.35613
853.68408
852.01472
850.35181
848.68494
847.02076
845.36017
843.70212
842.04781
840.39655
838.7488
837.10449
835.46373
833.82658
832.1931
830.56335
828.93739
827.31526
825.69704
824.08275
822.47247
820.86622
819.26407
817.66605
816.07221
814.48259
812.89725
811.31621
809.73954
808.16726
806.59944
805.0361
803.4773
801.92309
800.37351
798.82862
797.28846
795.75309
794.22257
792.69695
791.1763
789.66065
788.15
786.64393
785.13997
783.62454
747.78292
746.22473
744.68919
743.1624
741.64185
740.12717
738.61841
737.11567
735.61911
734.12887
732.64514
731.16809
729.69426
728.22309
726.75895
725.30187
723.85082
722.39936
704.14959
702.75466
701.37674
700.00935
698.65162
697.30374
695.96611
694.63926
693.32377
692.02031
690.72966
689.45271
688.1905
686.94425
685.7154
684.50568
683.31715
682.15244
681.01459
679.90806
678.83726
677.80493
676.80415
675.87618
675.01901
674.32557
673.74236
673.82913
676.79459
675.62997
844.76396
844.35853
825.07435
805.73164
786.39992
767.07853
747.77705
728.51692
709.32357
709.2646
844.83429
844.42888
825.07465
805.73174
786.40001
767.07862
747.77713
728.51683
709.25941
709.20042
844.83499
844.42958
825.07465
805.73174
786.40001
767.07862
747.77713
728.51683
709.25877
709.19977
874.67713
874.62021
855.91251
837.23715
818.59193
799.97506
746.37535
710.69516
691.92108
691.92044
874.39548
874.38928
855.73254
837.09896
818.48742
799.89723
746.3013
711.30616
692.52289
692.52247
862.07357
862.03604
860.27496
858.51393
856.753
854.99219
853.23149
851.47089
849.71041
847.95003
846.18976
844.42959
842.66953
840.90958
839.14973
837.38999
835.63035
833.87081
832.11138
830.35205
828.59281
826.83368
825.07465
823.31572
821.55689
819.79815
818.03952
816.28098
814.52253
812.76419
811.00593
809.24777
807.48971
805.73174
803.97386
802.21607
800.45837
798.70077
796.94325
795.18582
793.42849
791.67124
789.91407
788.157
786.40001
784.6431
782.88628
781.12955
779.3729
777.61633
775.85984
774.10344
772.34711
770.59087
768.8347
767.07862
765.32261
763.56668
761.81083
760.05506
758.29936
756.54374
754.78819
753.03271
751.27927
749.52819
747.77713
746.0261
744.27508
742.52409
740.77311
739.02216
737.27122
735.5203
733.76941
732.01853
730.26767
728.51683
726.76601
725.0152
723.26442
721.51365
719.7629
718.01217
716.26145
714.51076
712.76008
711.00941
709.25876
707.50813
705.75752
704.01008
702.27202
700.53382
698.79547
697.05698
695.31835
693.57958
691.84073
691.83792
862.06897
862.03145
860.27496
858.51393
856.75301
854.99219
853.23149
851.47089
849.71041
847.95003
846.18976
844.42959
842.66953
840.90958
839.14973
837.38999
835.63035
833.87081
832.11138
830.35205
828.59282
826.83368
825.07465
823.31572
821.55689
819.79816
818.03952
816.28098
814.52254
812.76419
811.00593
809.24777
807.48971
805.73174
803.97386
802.21607
800.45837
798.70077
796.94325
795.18583
793.42849
791.67124
789.91407
788.157
786.40001
784.6431
782.88628
781.12955
779.3729
777.61633
775.85984
774.10344
772.34711
770.59087
768.83471
767.07862
765.32261
763.56669
761.81083
760.05506
758.29936
756.54374
754.78819
753.03271
751.27927
749.52819
747.77714
746.0261
744.27508
742.52409
740.77311
739.02216
737.27122
735.52031
733.76941
732.01853
730.26767
728.51683
726.76601
725.0152
723.26442
721.51365
719.7629
718.01217
716.26146
714.51076
712.76008
711.00941
709.25877
707.50814
705.75752
704.01008
702.27202
700.53382
698.79547
697.05698
695.31835
693.57959
691.84483
691.84202
862.06897
862.03145
860.27496
858.51393
856.75301
854.99219
853.23149
851.47089
849.71041
847.95003
846.18976
844.42959
842.66953
840.90958
839.14973
837.38999
835.63035
833.87081
832.11138
830.35205
828.59282
826.83368
825.07465
823.31572
821.55689
819.79816
818.03952
816.28098
814.52254
812.76419
811.00593
809.24777
807.48971
805.73174
803.97386
802.21607
800.45837
798.70077
796.94325
795.18583
793.42849
791.67124
789.91407
788.157
786.40001
784.6431
782.88628
781.12955
779.3729
777.61633
775.85984
774.10344
772.34711
770.59087
768.83471
767.07862
765.32261
763.56669
761.81083
760.05506
758.29936
756.54374
754.78819
753.03271
751.27927
749.52819
747.77714
746.0261
744.27508
742.52409
740.77311
739.02216
737.27122
735.52031
733.76941
732.01853
730.26767
728.51683
726.76601
725.0152
723.26442
721.51365
719.7629
718.01217
716.26146
714.51076
712.76008
711.00941
709.25877
707.50814
705.75752
704.01008
702.27202
700.53382
698.79547
697.05698
695.31835
693.57959
691.84483
691.84202
862.06897
862.03145
860.27496
858.51393
856.75301
854.99219
853.23149
851.47089
849.71041
847.95003
846.18976
844.42959
842.66953
840.90958
839.14973
837.38999
835.63035
833.87081
832.11138
830.35205
828.59282
826.83368
825.07465
823.31572
821.55689
819.79816
818.03952
816.28098
814.52254
812.76419
811.00593
809.24777
807.48971
805.73174
803.97386
802.21607
800.45837
798.70077
796.94325
795.18583
793.42849
791.67124
789.91407
788.157
786.40001
784.6431
782.88628
781.12955
779.3729
777.61633
775.85984
774.10344
772.34711
770.59087
768.83471
767.07862
765.32261
763.56669
761.81083
760.05506
758.29936
756.54374
754.78819
753.03271
751.27927
749.52819
747.77714
746.0261
744.27508
742.52409
740.77311
739.02216
737.27122
735.52031
733.76941
732.01853
730.26767
728.51683
726.76601
725.0152
723.26442
721.51365
719.7629
718.01217
716.26146
714.51076
712.76008
711.00941
709.25877
707.50814
705.75752
704.01008
702.27202
700.53382
698.79547
697.05698
695.31835
693.57959
691.84483
691.84202
862.06897
862.03145
860.27496
858.51393
856.75301
854.99219
853.23149
851.47089
849.71041
847.95003
846.18976
844.42959
842.66953
840.90958
839.14973
837.38999
835.63035
833.87081
832.11138
830.35205
828.59282
826.83368
825.07465
823.31572
821.55689
819.79816
818.03952
816.28098
814.52254
812.76419
811.00593
809.24777
807.48971
805.73174
803.97386
802.21607
800.45837
798.70077
796.94325
795.18583
793.42849
791.67124
789.91407
788.157
786.40001
784.6431
782.88628
781.12955
779.3729
777.61633
775.85984
774.10344
772.34711
770.59087
768.83471
767.07862
765.32261
763.56669
761.81083
760.05506
758.29936
756.54374
754.78819
753.03271
751.27927
749.52819
747.77714
746.0261
744.27508
742.52409
740.77311
739.02216
737.27122
735.52031
733.76941
732.01853
730.26767
728.51683
726.76601
725.0152
723.26442
721.51365
719.7629
718.01217
716.26146
714.51076
712.76008
711.00941
709.25877
707.50814
705.75752
704.01008
702.27202
700.53382
698.79547
697.05698
695.31835
693.57959
691.84483
691.84202
862.06897
862.03145
860.27496
858.51393
856.75301
854.99219
853.23149
851.47089
849.71041
847.95003
846.18976
844.42959
842.66953
840.90958
839.14973
837.38999
835.63035
833.87081
832.11138
830.35205
828.59282
826.83368
825.07465
823.31572
821.55689
819.79816
818.03952
816.28098
814.52254
812.76419
811.00593
809.24777
807.48971
805.73174
803.97386
802.21607
800.45837
798.70077
796.94325
795.18583
793.42849
791.67124
789.91407
788.157
786.40001
784.6431
782.88628
781.12955
779.3729
777.61633
775.85984
774.10344
772.34711
770.59087
768.83471
767.07862
765.32261
763.56669
761.81083
760.05506
758.29936
756.54374
754.78819
753.03271
751.27927
749.52819
747.77714
746.0261
744.27508
742.52409
740.77311
739.02216
737.27122
735.52031
733.76941
732.01853
730.26767
728.51683
726.76601
725.0152
723.26442
721.51365
719.7629
718.01217
716.26146
714.51076
712.76008
711.00941
709.25877
707.50814
705.75752
704.01008
702.27202
700.53382
698.79547
697.05698
695.31835
693.57959
691.84483
691.84202
862.06897
862.03145
860.27496
858.51393
856.75301
854.99219
853.23149
851.47089
849.71041
847.95003
846.18976
844.42959
842.66953
840.90958
839.14973
837.38999
835.63035
833.87081
832.11138
830.35205
828.59282
826.83368
825.07465
823.31572
821.55689
819.79816
818.03952
816.28098
814.52254
812.76419
811.00593
809.24777
807.48971
805.73174
803.97386
802.21607
800.45837
798.70077
796.94325
795.18583
793.42849
791.67124
789.91407
788.157
786.40001
784.6431
782.88628
781.12955
779.3729
777.61633
775.85984
774.10344
772.34711
770.59087
768.83471
767.07862
765.32261
763.56669
761.81083
760.05506
758.29936
756.54374
754.78819
753.03271
751.27927
749.52819
747.77714
746.0261
744.27508
742.52409
740.77311
739.02216
737.27122
735.52031
733.76941
732.01853
730.26767
728.51683
726.76601
725.0152
723.26442
721.51365
719.7629
718.01217
716.26146
714.51076
712.76008
711.00941
709.25877
707.50814
705.75752
704.01008
702.27202
700.53382
698.79547
697.05698
695.31835
693.57959
691.84483
691.84202
862.06897
862.03145
860.27496
858.51393
856.75301
854.99219
853.23149
851.47089
849.71041
847.95003
846.18976
844.42959
842.66953
840.90958
839.14973
837.38999
835.63035
833.87081
832.11138
830.35205
828.59282
826.83368
825.07465
823.31572
821.55689
819.79816
818.03952
816.28098
814.52254
812.76419
811.00593
809.24777
807.48971
805.73174
803.97386
802.21607
800.45837
798.70077
796.94325
795.18583
793.42849
791.67124
789.91407
788.157
786.40001
784.6431
782.88628
781.12955
779.3729
777.61633
775.85984
774.10344
772.34711
770.59087
768.83471
767.07862
765.32261
763.56669
761.81083
760.05506
758.29936
756.54374
754.78819
753.03271
751.27927
749.52819
747.77714
746.0261
744.27508
742.52409
740.77311
739.02216
737.27122
735.52031
733.76941
732.01853
730.26767
728.51683
726.76601
725.0152
723.26442
721.51365
719.7629
718.01217
716.26146
714.51076
712.76008
711.00941
709.25877
707.50814
705.75752
704.01008
702.27202
700.53382
698.79547
697.05698
695.31835
693.57959
691.84483
691.84202
862.06897
862.03145
860.27496
858.51393
856.75301
854.99219
853.23149
851.47089
849.71041
847.95003
846.18976
844.42959
842.66953
840.90958
839.14973
837.38999
835.63035
833.87081
832.11138
830.35205
828.59282
826.83368
825.07465
823.31572
821.55689
819.79816
818.03952
816.28098
814.52254
812.76419
811.00593
809.24777
807.48971
805.73174
803.97386
802.21607
800.45837
798.70077
796.94325
795.18583
793.42849
791.67124
789.91407
788.157
786.40001
784.6431
782.88628
781.12955
779.3729
777.61633
775.85984
774.10344
772.34711
770.59087
768.83471
767.07862
765.32261
763.56669
761.81083
760.05506
758.29936
756.54374
754.78819
753.03271
751.27927
749.52819
747.77714
746.0261
744.27508
742.52409
740.77311
739.02216
737.27122
735.52031
733.76941
732.01853
730.26767
728.51683
726.76601
725.0152
723.26442
721.51365
719.7629
718.01217
716.26146
714.51076
712.76008
711.00941
709.25877
707.50814
705.75752
704.01008
702.27202
700.53382
698.79547
697.05698
695.31835
693.57959
691.84483
691.84202
829.69615
829.55457
828.12911
826.70177
825.27615
823.85225
822.43005
821.00954
819.59069
818.1735
816.75794
815.344
813.93166
812.5209
811.11172
809.70409
808.29799
806.90737
805.52824
804.15023
802.77331
801.39747
800.02271
798.64902
797.27637
795.90476
794.53418
793.16461
791.79605
790.42848
789.06188
787.69626
786.3316
784.96788
783.60509
782.24323
780.88228
779.52223
778.16307
776.80479
775.44738
774.09083
772.73512
771.38025
770.02621
768.67297
767.32055
765.96892
764.61807
763.26799
761.91868
760.57012
759.2223
757.87522
756.52886
755.18321
753.83827
752.49402
751.15046
749.80757
748.46535
747.12378
745.78286
744.44258
743.10293
741.7639
740.42548
739.08767
737.75044
736.4138
735.07774
733.74225
732.40732
731.07293
729.73909
728.40579
727.07301
725.74215
724.41867
723.09552
721.77271
720.45024
719.12809
717.80626
716.48475
715.16354
713.84265
712.52206
711.20176
709.88176
708.56204
707.2426
705.92345
704.60456
703.2982
702.00397
700.70951
699.41482
698.12322
698.1283
1261.704
1257.9763
1250.6179
1243.2608
1235.9163
1228.5852
1221.2681
1213.9658
1206.679
1199.4085
1192.155
1184.9195
1177.7028
1170.5059
1163.3296
1156.1751
1149.0432
1141.9351
1134.8518
1127.7945
1120.7641
1113.762
1106.7891
1099.8468
1092.9361
1086.0583
1079.2146
1072.4061
1065.6341
1058.8997
1052.204
1045.5483
1038.9336
1032.361
1025.8316
1019.3464
1012.9064
1006.5126
1000.1657
993.86668
987.61626
981.41514
975.26396
969.16329
963.11363
957.11538
951.1689
945.27443
939.43216
933.64218
927.90453
922.21911
916.58577
911.00427
905.4743
899.99547
894.5673
889.18925
883.8607
878.58096
873.34929
868.16487
863.02684
857.93427
852.8862
847.88161
842.91944
837.99861
833.118
828.27646
823.47282
818.7059
813.9745
809.27742
804.61344
799.98136
795.37997
790.80806
786.26444
781.77935
777.38333
773.00604
768.64661
764.30423
759.97808
755.66736
751.3713
747.08915
742.82018
738.56369
734.319
730.08545
725.8624
721.64926
717.46087
713.29729
709.13944
704.98697
700.88299
700.90436
1094.2543
1094.0178
1091.8216
1089.6197
1087.4181
1085.2167
1083.0155
1080.8146
1078.614
1076.4136
1074.2134
1072.0135
1069.8138
1067.6143
1065.4151
1063.216
1061.0172
1058.8186
1056.6202
1054.422
1052.224
1050.0262
1047.8286
1045.6311
1043.4339
1041.2368
1039.0398
1036.843
1034.6463
1032.4498
1030.2534
1028.0572
1025.861
1023.665
1021.4691
1019.2732
1017.0669
1014.8163
1012.5656
1010.3148
1008.0639
1005.8129
1003.5618
1001.3105
999.05911
996.80759
994.55594
992.30416
990.05225
987.80019
985.548
983.29566
981.04317
978.79054
976.53777
974.28484
972.03176
969.77853
967.52514
965.27159
963.01789
960.76403
958.51
956.25582
954.00147
951.74695
949.49227
947.23742
944.98241
942.72722
940.47187
938.21634
935.96064
933.70477
931.44873
929.19252
926.93613
924.67957
922.42284
920.16593
917.90885
915.6516
913.39417
911.13657
908.86288
906.57355
904.28428
901.99508
899.70595
897.4169
895.12793
892.83906
890.55027
888.26159
885.97302
883.68455
881.39621
879.03765
876.65164
876.41828
1095.5832
1095.4702
1093.2581
1091.0398
1088.8211
1086.6022
1084.3829
1082.1633
1079.9434
1077.7231
1075.5025
1073.2815
1071.0602
1068.8385
1066.6165
1064.3941
1062.1713
1059.9482
1057.7246
1055.5007
1053.2764
1051.0517
1048.8267
1046.6012
1044.3753
1042.149
1039.9223
1037.6952
1035.4676
1033.2397
1031.0113
1028.7825
1026.5532
1024.3236
1022.0935
1019.863
1017.6278
1015.3749
1013.1219
1010.8687
1008.6154
1006.3619
1004.1082
1001.8545
999.60062
997.3466
995.09244
992.83814
990.58369
988.3291
986.07438
983.81951
981.5645
979.30935
977.05407
974.79865
972.54309
970.2874
968.03158
965.77562
963.51953
961.2633
959.00695
956.75046
954.49385
952.23711
949.98025
947.72326
945.46615
943.20891
940.95155
938.69408
936.43648
934.17877
931.92094
929.66299
927.40494
925.14677
922.88849
920.6301
918.3716
916.11299
913.85428
911.59547
909.33235
907.06513
904.79801
902.53097
900.26403
897.99718
895.73041
893.46373
891.19714
888.93063
886.6642
884.39785
882.13159
879.8486
877.56339
877.5099
1092.0568
1091.9903
1089.8277
1087.6582
1085.488
1083.3169
1081.1451
1078.9724
1076.7988
1074.6245
1072.4493
1070.2733
1068.0964
1065.9186
1063.74
1061.5605
1059.3801
1057.1989
1055.0167
1052.8337
1050.6497
1048.4649
1046.2791
1044.0924
1041.9048
1039.7163
1037.5269
1035.3365
1033.1452
1030.953
1028.7599
1026.5658
1024.3708
1022.1749
1019.978
1017.7802
1015.5814
1013.3818
1011.1812
1008.9796
1006.7772
1004.5738
1002.3695
1000.1643
997.95821
995.7512
993.54328
991.33445
989.12472
986.91409
984.70257
982.49016
980.27686
978.06269
975.84764
973.63172
971.41494
969.19731
966.97882
964.7595
962.53933
960.31834
958.09652
955.87389
953.65045
951.42621
949.20117
946.97536
944.74876
942.5214
940.29328
938.0644
935.83478
933.60445
931.37341
929.14164
926.90916
924.67598
922.44211
920.20756
917.97233
915.73644
913.49989
911.2627
909.02487
906.78642
904.54735
902.30766
900.06738
897.82652
895.58507
893.34305
891.10047
888.85734
886.61366
884.36946
882.12473
879.87949
877.63908
877.62932
1092.0568
1091.9903
1089.8277
1087.6582
1085.488
1083.3169
1081.1451
1078.9724
1076.7988
1074.6245
1072.4493
1070.2733
1068.0964
1065.9186
1063.74
1061.5605
1059.3801
1057.1989
1055.0167
1052.8337
1050.6497
1048.4649
1046.2791
1044.0924
1041.9048
1039.7163
1037.5269
1035.3365
1033.1452
1030.953
1028.7599
1026.5658
1024.3708
1022.1749
1019.978
1017.7802
1015.5814
1013.3818
1011.1812
1008.9796
1006.7772
1004.5738
1002.3695
1000.1643
997.95821
995.7512
993.54328
991.33445
989.12472
986.91409
984.70257
982.49016
980.27686
978.06269
975.84764
973.63172
971.41494
969.19731
966.97882
964.7595
962.53933
960.31834
958.09652
955.87389
953.65045
951.42621
949.20117
946.97536
944.74876
942.5214
940.29328
938.0644
935.83478
933.60445
931.37341
929.14164
926.90916
924.67598
922.44211
920.20756
917.97233
915.73644
913.49989
911.2627
909.02487
906.78642
904.54735
902.30766
900.06738
897.82652
895.58507
893.34305
891.10047
888.85734
886.61366
884.36946
882.12473
879.87949
877.63908
877.62932
1097.3606
1097.3275
1095.2147
1093.1378
1091.0514
1088.9159
1086.714
1084.4521
1082.1504
1079.8305
1077.5081
1075.1917
1072.8844
1070.5864
1068.2966
1066.0129
1063.7336
1061.4572
1059.1828
1056.9097
1054.6375
1052.366
1050.0952
1047.8251
1045.5556
1043.2868
1041.0188
1038.7514
1036.4847
1034.2186
1031.9533
1029.6884
1027.4241
1025.1601
1022.8965
1020.6332
1018.3702
1016.1075
1013.845
1011.5828
1009.3207
1007.0588
1004.797
1002.5353
1000.2738
998.01247
995.75116
993.48992
991.22873
988.96758
986.70646
984.44536
981.84115
979.57945
977.31774
975.05603
972.79431
970.53115
968.26299
965.99495
963.72702
961.45921
959.19152
956.92394
954.65648
952.38915
950.12195
947.85487
945.58793
943.32112
939.70554
937.44819
935.19095
932.93382
930.67682
928.41995
926.16321
923.90662
921.63555
919.36369
917.09274
914.82275
912.55376
910.28583
908.01905
905.75351
903.48934
901.2267
898.96582
896.70698
894.45056
892.19708
889.94721
887.70183
885.46201
883.22903
881.00422
878.78862
876.5886
876.73192
