1000000
1000000
1000000
-984063.92
-966778.9
1000000
1000000
1000000
-984063.92
-966778.9
1000000
1000000
1000000
-984063.92
-966778.9
1000000
1000000
1000000
-984063.92
-966778.9
1000000
1000000
1000000
-899147.01
-954823.09
1000000
1000000
1000000
-984063.92
-966778.9
1000000
1000000
1000000
-971822.21
-967416.35
1000000
1000000
1000000
-972029.1
-967507.39
1000000
1000000
1000000
-972029.08
-967507.35
1000000
1000000
1000000
1000000
1000000
1000000
1000000
1000000
1000000
1000000
1000000
1000000
1000000
1000000
1000000
1000000
1000000
1000000
1000000
1000000
1000000
1000000
1000000
1000000
1000000
1000000
1000000
1000000
1000000
1000000
1000000
1000000
1000000
1000000
1000000
1000000
1000000
1000000
1000000
1000000
1000000
1000000
1000000
1000000
1000000
1000000
1000000
1000000
1000000
1000000
1000000
1000000
0
0
0
0
0
0
0
0
0
0
0
0
0
0
0
0
0
0
-475825.42
-473929.7
-472035.02
-470141.39
-468248.79
-466357.22
-464466.68
-462577.15
-460688.65
-458801.16
-456914.67
-455029.18
-453144.69
-451261.19
-449378.68
-447497.15
-445616.6
-443737.01
-441858.4
-439980.74
-438104.05
-436231.69
-434370.31
-432509.76
-430650.31
-428793.61
-426948.74
-425166.36
-423728.96
-423725.98
1000000
1000000
1000000
1000000
1000000
1000000
1000000
1000000
1000000
1000000
1000000
1000000
1000000
1000000
1000000
1000000
1000000
1000000
1000000
1000000
1000000
1000000
1000000
1000000
1000000
1000000
1000000
1000000
1000000
1000000
1000000
1000000
1000000
1000000
1000000
1000000
1000000
1000000
1000000
1000000
1000000
1000000
1000000
1000000
1000000
1000000
1000000
1000000
1000000
1000000
1000000
1000000
0
0
0
0
0
0
0
0
0
0
0
0
0
0
0
0
0
0
-436381.35
-434887.31
-433412.05
-431948.65
-430496.13
-429054.7
-427624.76
-426206.87
-424801.63
-423409.75
-422032.04
-420669.43
-419323.02
-417994.08
-416684.13
-415395
-414128.87
-412888.5
-411677.11
-410499.41
-409360.08
-408261.98
-407197.73
-406211.16
-405300.07
-404563.16
-403943.5
-404035.69
-407187.56
-405949.44
1000000
1000000
1000000
1000000
1000000
1000000
0
-462577.47
-441928.15
-441864.88
1000000
1000000
1000000
1000000
1000000
1000000
0
-462577.38
-441859.32
-441796.02
1000000
1000000
1000000
1000000
1000000
1000000
0
-462577.38
-441858.63
-441795.33
1000000
1000000
1000000
1000000
1000000
1000000
0
-443399.94
-423303.81
-423303.13
1000000
1000000
1000000
1000000
1000000
1000000
0
-444055.77
-423946.37
-423945.91
1000000
1000000
1000000
1000000
1000000
1000000
1000000
1000000
1000000
1000000
1000000
1000000
1000000
1000000
1000000
1000000
1000000
1000000
1000000
1000000
1000000
1000000
1000000
1000000
1000000
1000000
1000000
1000000
1000000
1000000
1000000
1000000
1000000
1000000
1000000
1000000
1000000
1000000
1000000
1000000
1000000
1000000
1000000
1000000
1000000
1000000
1000000
1000000
1000000
1000000
1000000
1000000
0
0
0
0
0
0
0
0
0
0
0
0
0
0
0
0
0
0
-475825.65
-473929.93
-472035.25
-470141.61
-468249.01
-466357.44
-464466.9
-462577.38
-460688.87
-458801.38
-456914.89
-455029.41
-453144.92
-451261.42
-449378.9
-447497.37
-445616.82
-443737.24
-441858.62
-439980.96
-438104.27
-436231.9
-434370.51
-432509.88
-430650
-428790.87
-426932.49
-425074.86
-423218.03
-423215.03
1000000
1000000
1000000
1000000
1000000
1000000
1000000
1000000
1000000
1000000
1000000
1000000
1000000
1000000
1000000
1000000
1000000
1000000
1000000
1000000
1000000
1000000
1000000
1000000
1000000
1000000
1000000
1000000
1000000
1000000
1000000
1000000
1000000
1000000
1000000
1000000
1000000
1000000
1000000
1000000
1000000
1000000
1000000
1000000
1000000
1000000
1000000
1000000
1000000
1000000
1000000
1000000
0
0
0
0
0
0
0
0
0
0
0
0
0
0
0
0
0
0
-475825.65
-473929.93
-472035.25
-470141.61
-468249.01
-466357.44
-464466.9
-462577.38
-460688.87
-458801.38
-456914.89
-455029.41
-453144.92
-451261.42
-449378.91
-447497.37
-445616.82
-443737.24
-441858.62
-439980.97
-438104.27
-436231.9
-434370.51
-432509.88
-430650
-428790.87
-426932.49
-425074.87
-423222.4
-423219.41
1000000
1000000
1000000
1000000
1000000
1000000
1000000
1000000
1000000
1000000
1000000
1000000
1000000
1000000
1000000
1000000
1000000
1000000
1000000
1000000
1000000
1000000
1000000
1000000
1000000
1000000
1000000
1000000
1000000
1000000
1000000
1000000
1000000
1000000
1000000
1000000
1000000
1000000
1000000
1000000
1000000
1000000
1000000
1000000
1000000
1000000
1000000
1000000
1000000
1000000
1000000
1000000
0
0
0
0
0
0
0
0
0
0
0
0
0
0
0
0
0
0
-475825.65
-473929.93
-472035.25
-470141.61
-468249.01
-466357.44
-464466.9
-462577.38
-460688.87
-458801.38
-456914.89
-455029.41
-453144.92
-451261.42
-449378.91
-447497.37
-445616.82
-443737.24
-441858.62
-439980.97
-438104.27
-436231.9
-434370.51
-432509.88
-430650
-428790.87
-426932.49
-425074.87
-423222.4
-423219.41
12140.243
12140.243
12140.243
12140.243
12140.243
12140.243
12140.243
12140.243
12140.243
12140.243
12140.243
12140.243
12140.243
12140.243
12140.243
12140.243
12140.243
12140.243
12140.243
12140.243
12140.243
12140.243
12140.243
12140.243
12140.243
12140.243
12140.243
12140.243
12140.243
12140.243
12140.243
12140.243
12140.243
12140.243
12140.243
12140.243
12140.243
12140.243
12140.243
12140.243
12140.243
12140.243
12140.243
12140.243
12140.243
12140.243
12140.243
12140.243
12140.243
12140.243
12140.243
12140.243
0
0
0
0
0
0
0
0
0
0
0
0
0
0
0
0
0
0
-475825.65
-473929.93
-472035.25
-470141.61
-468249.01
-466357.44
-464466.9
-462577.38
-460688.87
-458801.38
-456914.89
-455029.41
-453144.92
-451261.42
-449378.91
-447497.37
-445616.82
-443737.24
-441858.62
-439980.97
-438104.27
-436231.9
-434370.51
-432509.88
-430650
-428790.87
-426932.49
-425074.87
-423222.4
-423219.41
12140.243
12140.243
12140.243
12140.243
12140.243
12140.243
12140.243
12140.243
12140.243
12140.243
12140.243
12140.243
12140.243
12140.243
12140.243
12140.243
12140.243
12140.243
12140.243
12140.243
12140.243
12140.243
12140.243
12140.243
12140.243
12140.243
12140.243
12140.243
12140.243
12140.243
12140.243
12140.243
12140.243
12140.243
12140.243
12140.243
12140.243
12140.243
12140.243
12140.243
12140.243
12140.243
12140.243
12140.243
12140.243
12140.243
12140.243
12140.243
12140.243
12140.243
12140.243
12140.243
0
0
0
0
0
0
0
0
0
0
0
0
0
0
0
0
0
0
-19660.27
-19497.991
-19336.739
-19176.51
-19017.298
-18859.098
-18701.907
-18545.717
-18390.526
-18236.328
-18083.118
-17930.892
-17779.644
-17629.37
-17480.065
-17331.725
-17184.344
-17037.918
-16892.442
-16747.912
-16604.322
-16461.925
-16321.212
-16181.399
-16042.483
-15904.46
-15767.324
-15631.073
-15496.024
-15495.806
12140.243
12140.243
12140.243
12140.243
12140.243
12140.243
12140.243
12140.243
12140.243
12140.243
12140.243
12140.243
12140.243
12140.243
12140.243
12140.243
12140.243
12140.243
12140.243
12140.243
12140.243
12140.243
12140.243
12140.243
12140.243
12140.243
12140.243
12140.243
12140.243
12140.243
12140.243
12140.243
12140.243
12140.243
12140.243
12140.243
12140.243
12140.243
12140.243
12140.243
12140.243
12140.243
12140.243
12140.243
12140.243
12140.243
12140.243
12140.243
12140.243
12140.243
12140.243
12140.243
0
0
0
0
0
0
0
0
0
0
0
0
0
0
0
0
0
0
-19660.27
-19497.991
-19336.739
-19176.51
-19017.298
-18859.098
-18701.907
-18545.717
-18390.526
-18236.328
-18083.118
-17930.892
-17779.644
-17629.37
-17480.065
-17331.725
-17184.344
-17037.918
-16892.442
-16747.912
-16604.322
-16461.925
-16321.212
-16181.399
-16042.483
-15904.46
-15767.324
-15631.073
-15496.024
-15495.806
12140.243
12140.243
12140.243
12140.243
12140.243
12140.243
12140.243
12140.243
12140.243
12140.243
12140.243
12140.243
12140.243
12140.243
12140.243
12140.243
12140.243
12140.243
12140.243
12140.243
12140.243
12140.243
12140.243
12140.243
12140.243
12140.243
12140.243
12140.243
12140.243
12140.243
12140.243
12140.243
12140.243
12140.243
12140.243
12140.243
12140.243
12140.243
12140.243
12140.243
12140.243
12140.243
12140.243
12140.243
12140.243
12140.243
12140.243
12140.243
12140.243
12140.243
12140.243
12140.243
0
0
0
0
0
0
0
0
0
0
0
0
0
0
0
0
0
0
-19660.27
-19497.991
-19336.739
-19176.51
-19017.298
-18859.098
-18701.907
-18545.717
-18390.526
-18236.328
-18083.118
-17930.892
-17779.644
-17629.37
-17480.065
-17331.725
-17184.344
-17037.918
-16892.442
-16747.912
-16604.322
-16461.925
-16321.212
-16181.399
-16042.483
-15904.46
-15767.324
-15631.073
-15496.024
-15495.806
12140.243
12140.243
12140.243
12140.243
12140.243
12140.243
12140.243
12140.243
12140.243
12140.243
12140.243
12140.243
12140.243
12140.243
12140.243
12140.243
12140.243
12140.243
12140.243
12140.243
12140.243
12140.243
12140.243
12140.243
12140.243
12140.243
12140.243
12140.243
12140.243
12140.243
12140.243
12140.243
12140.243
12140.243
12140.243
12140.243
12140.243
12140.243
12140.243
12140.243
12140.243
12140.243
12140.243
12140.243
12140.243
12140.243
12140.243
12140.243
12140.243
12140.243
12140.243
12140.243
0
0
0
0
0
0
0
0
0
0
0
0
0
0
0
0
0
0
-19660.27
-19497.991
-19336.739
-19176.51
-19017.298
-18859.098
-18701.907
-18545.717
-18390.526
-18236.328
-18083.118
-17930.892
-17779.644
-17629.37
-17480.065
-17331.725
-17184.344
-17037.918
-16892.442
-16747.912
-16604.322
-16461.925
-16321.212
-16181.399
-16042.483
-15904.46
-15767.324
-15631.073
-15496.024
-15495.806
12140.243
12140.243
12140.243
12140.243
12140.243
12140.243
12140.243
12140.243
12140.243
12140.243
12140.243
12140.243
12140.243
12140.243
12140.243
12140.243
12140.243
12140.243
12140.243
12140.243
12140.243
12140.243
12140.243
12140.243
12140.243
12140.243
12140.243
12140.243
12140.243
12140.243
12140.243
12140.243
12140.243
12140.243
12140.243
12140.243
12140.243
12140.243
12140.243
12140.243
12140.243
12140.243
12140.243
12140.243
12140.243
12140.243
12140.243
12140.243
12140.243
12140.243
12140.243
12140.243
0
0
0
0
0
0
0
0
0
0
0
0
0
0
0
0
0
0
-19660.27
-19497.991
-19336.739
-19176.51
-19017.298
-18859.098
-18701.907
-18545.717
-18390.526
-18236.328
-18083.118
-17930.892
-17779.644
-17629.37
-17480.065
-17331.725
-17184.344
-17037.918
-16892.442
-16747.912
-16604.322
-16461.925
-16321.212
-16181.399
-16042.483
-15904.46
-15767.324
-15631.073
-15496.024
-15495.806
12140.243
12140.243
12140.243
12140.243
12140.243
12140.243
12140.243
12140.243
12140.243
12140.243
12140.243
12140.243
12140.243
12140.243
12140.243
12140.243
12140.243
12140.243
12140.243
12140.243
12140.243
12140.243
12140.243
12140.243
12140.243
12140.243
12140.243
12140.243
12140.243
12140.243
12140.243
12140.243
12140.243
12140.243
12140.243
12140.243
12140.243
12140.243
12140.243
12140.243
12140.243
12140.243
12140.243
12140.243
12140.243
12140.243
12140.243
12140.243
12140.243
12140.243
12140.243
12140.243
0
0
0
0
0
0
0
0
0
0
0
0
0
0
0
0
0
0
-19136.171
-19014.836
-18894.14
-18774.078
-18654.648
-18535.845
-18417.667
-18300.232
-18184.015
-18068.39
-17953.355
-17838.907
-17725.042
-17611.759
-17499.054
-17386.924
-17275.367
-17164.38
-17053.959
-16944.103
-16834.808
-16726.072
-16617.891
-16510.264
-16404.18
-16299.592
-16195.49
-16091.873
-15989.004
-15989.408
12140.243
12140.243
12140.243
12140.243
12140.243
12140.243
12140.243
12140.243
12140.243
12140.243
12140.243
12140.243
12140.243
12140.243
12140.243
12140.243
12140.243
12140.243
12140.243
12140.243
12140.243
12140.243
12140.243
12140.243
12140.243
12140.243
12140.243
12140.243
12140.243
12140.243
12140.243
12140.243
12140.243
12140.243
12140.243
12140.243
12140.243
12140.243
12140.243
12140.243
12140.243
12140.243
12140.243
12140.243
12140.243
12140.243
12140.243
12140.243
12140.243
12140.243
12140.243
12140.243
0
0
0
0
0
0
0
0
0
0
0
0
0
0
0
0
0
0
-28586.182
-27999.873
-27427.156
-26867.578
-26320.698
-25786.095
-25263.358
-24752.095
-24251.927
-23765.866
-23296.765
-22836.768
-22385.618
-21943.066
-21508.876
-21082.819
-20664.676
-20254.236
-19851.299
-19455.67
-19067.164
-18685.604
-18310.819
-17942.647
-17582.249
-17229.468
-16882.561
-16541.416
-16209.412
-16211.128
12140.243
12140.243
12140.243
12140.243
12140.243
12140.243
12140.243
12140.243
12140.243
12140.243
12140.243
12140.243
12140.243
12140.243
12140.243
12140.243
12140.243
12140.243
12140.243
12140.243
12140.243
12140.243
12140.243
12140.243
12140.243
12140.243
12140.243
12140.243
12140.243
12140.243
12140.243
12140.243
12140.243
12140.243
12140.243
12140.243
12140.243
12140.243
12140.243
12140.243
12140.243
12140.243
12140.243
12140.243
12140.243
12140.243
12140.243
12140.243
12140.243
12140.243
12140.243
12140.243
0
0
0
0
0
0
0
0
0
0
0
0
0
0
0
0
0
0
-46212.739
-45808.584
-45407.141
-45008.397
-44612.34
-44218.956
-43828.235
-43440.162
-43054.726
-42671.915
-42291.715
-41914.114
-41539.101
-41166.663
-40794.189
-40421.796
-40052.049
-39684.938
-39320.449
-38958.57
-38599.288
-38242.591
-37888.466
-37536.901
-37187.882
-36841.398
-36497.435
-36145.526
-35792.2
-35757.787
12140.243
12140.243
12140.243
12140.243
12140.243
12140.243
12140.243
12140.243
12140.243
12140.243
12140.243
12140.243
12140.243
12140.243
12140.243
12140.243
12140.243
12140.243
12140.243
12140.243
12140.243
12140.243
12140.243
12140.243
12140.243
12140.243
12140.243
12140.243
12140.243
12140.243
12140.243
12140.243
12140.243
12140.243
12140.243
12140.243
12140.243
12140.243
12140.243
12140.243
12140.243
12140.243
12140.243
12140.243
12140.243
12140.243
12140.243
12140.243
12140.243
12140.243
12140.243
12140.243
0
0
0
0
0
0
0
0
0
0
0
0
0
0
0
0
0
0
-46299.046
-45893.957
-45491.597
-45091.953
-44695.013
-44300.763
-43909.193
-43520.288
-43134.038
-42750.429
-42369.448
-41991.085
-41615.325
-41242.158
-40870.882
-40501.536
-40134.794
-39770.643
-39409.071
-39050.062
-38693.605
-38339.686
-37988.292
-37639.409
-37293.024
-36949.125
-36607.698
-36266.227
-35926.897
-35918.983
12140.243
12140.243
12140.243
12140.243
12140.243
12140.243
12140.243
12140.243
12140.243
12140.243
12140.243
12140.243
12140.243
12140.243
12140.243
12140.243
12140.243
12140.243
12140.243
12140.243
12140.243
12140.243
12140.243
12140.243
12140.243
12140.243
12140.243
12140.243
12140.243
12140.243
12140.243
12140.243
12140.243
12140.243
12140.243
12140.243
12140.243
12140.243
12140.243
12140.243
12140.243
12140.243
12140.243
12140.243
12140.243
12140.243
12140.243
12140.243
12140.243
12140.243
12140.243
12140.243
0
0
0
0
0
0
0
0
0
0
0
0
0
0
0
0
0
0
-46180.638
-45781.457
-45384.822
-44990.728
-44599.162
-44210.116
-43823.581
-43439.547
-43058.007
-42678.951
-42302.372
-41928.26
-41556.606
-41187.403
-40820.64
-40456.31
-40094.404
-39734.912
-39377.826
-39023.137
-38670.836
-38320.913
-37973.361
-37628.169
-37285.33
-36944.832
-36606.669
-36270.831
-35938.097
-35936.652
12140.243
12140.243
12140.243
12140.243
12140.243
12140.243
12140.243
12140.243
12140.243
12140.243
12140.243
12140.243
12140.243
12140.243
12140.243
12140.243
12140.243
12140.243
12140.243
12140.243
12140.243
12140.243
12140.243
12140.243
12140.243
12140.243
12140.243
12140.243
12140.243
12140.243
12140.243
12140.243
12140.243
12140.243
12140.243
12140.243
12140.243
12140.243
12140.243
12140.243
12140.243
12140.243
12140.243
12140.243
12140.243
12140.243
12140.243
12140.243
12140.243
12140.243
12140.243
12140.243
0
0
0
0
0
0
0
0
0
0
0
0
0
0
0
0
0
0
-46180.638
-45781.457
-45384.822
-44990.728
-44599.162
-44210.116
-43823.581
-43439.547
-43058.007
-42678.951
-42302.372
-41928.26
-41556.606
-41187.403
-40820.64
-40456.31
-40094.404
-39734.912
-39377.826
-39023.137
-38670.836
-38320.913
-37973.361
-37628.169
-37285.33
-36944.832
-36606.669
-36270.831
-35938.097
-35936.652
12140.243
12140.243
12140.243
12140.243
12140.243
12140.243
12140.243
12140.243
12140.243
12140.243
12140.243
12140.243
12140.243
12140.243
12140.243
12140.243
12140.243
12140.243
12140.243
12140.243
12140.243
12140.243
12140.243
12140.243
12140.243
12140.243
12140.243
12140.243
12140.243
12140.243
12140.243
12140.243
12140.243
12140.243
12140.243
12140.243
12140.243
12140.243
12140.243
12140.243
12140.243
12140.243
12140.243
12140.243
12140.243
12140.243
12140.243
12140.243
12140.243
12140.243
12140.243
12140.243
0
0
0
0
0
0
0
0
0
0
0
0
0
0
0
0
0
0
-46075.117
-45671.57
-45270.784
-44872.748
-44477.449
-44084.874
-43695.01
-43307.847
-42920.887
-42536.477
-42154.891
-41776.119
-41400.154
-41026.989
-40656.62
-40289.046
-39924.271
-39562.303
-39203.158
-38846.863
-38493.46
-38143.006
-37795.583
-37451.3
-37110.295
-36772.729
-36438.766
-36108.524
-35782.9
-35804.044
