1444.8079
1444.8079
-7.1765851e+90
-35483.84
-35483.84
1341.8839
1341.8839
1320.7717
1312.6626
1312.6626
1357.1888
1357.1888
1339.7254
1310.322
1310.322
1341.8839
1341.8839
1320.7717
1312.6626
1312.6626
644118.18
644118.18
-5.1461403e+08
38850607
38850607
1341.8839
1341.8839
1320.7717
1312.6626
1312.6626
1013.1618
1013.1618
1035.0111
1073.3876
1073.3876
1110.8898
1110.8898
1111.9514
1139.3143
1139.3143
1172.1286
1172.1286
1148.6084
1186.318
1186.318
807.15864
807.15864
806.90974
808.82097
808.72474
810.13153
810.55123
811.48922
812.18457
812.91967
813.66749
814.39903
815.0413
815.79732
816.42286
817.10175
817.73794
818.36754
818.98001
819.57824
820.16218
820.73038
821.28433
821.82383
822.34852
822.85887
823.35486
823.83659
824.3042
824.75777
825.19744
825.62331
826.03552
826.43416
826.8194
827.19129
827.55004
827.89568
828.22835
828.54837
828.85529
829.14988
829.43224
829.70145
829.95884
830.20422
830.43698
830.65796
830.86699
831.06404
831.24929
831.42274
831.58445
831.73445
831.87275
831.9994
832.11432
832.21764
832.30907
832.389
832.45669
832.51303
832.55671
832.58868
832.66662
832.84839
833.11915
833.46082
833.86444
834.31895
834.81724
835.35243
835.92035
836.51628
837.13693
837.78056
838.44472
839.12819
839.83002
840.54993
841.28788
842.04322
842.81802
843.61112
844.42683
845.25973
846.12671
846.99875
847.94062
848.83275
849.91822
850.85018
852.74785
854.07271
857.15887
859.39166
864.95386
861.9351
2729.7905
2729.7905
-nan(ind)
-nan(ind)
-nan(ind)
-nan(ind)
-nan(ind)
-nan(ind)
-nan(ind)
-nan(ind)
-nan(ind)
-nan(ind)
-nan(ind)
-nan(ind)
-nan(ind)
-nan(ind)
-nan(ind)
-nan(ind)
-nan(ind)
-nan(ind)
-nan(ind)
-nan(ind)
-nan(ind)
-nan(ind)
-nan(ind)
-nan(ind)
-nan(ind)
-nan(ind)
-nan(ind)
-nan(ind)
-nan(ind)
-nan(ind)
-nan(ind)
-nan(ind)
-nan(ind)
-nan(ind)
-nan(ind)
-nan(ind)
-nan(ind)
-nan(ind)
-nan(ind)
-nan(ind)
-nan(ind)
-nan(ind)
-nan(ind)
-nan(ind)
-nan(ind)
-nan(ind)
-nan(ind)
-nan(ind)
-nan(ind)
-nan(ind)
-nan(ind)
-nan(ind)
-nan(ind)
-nan(ind)
-nan(ind)
-nan(ind)
-nan(ind)
-nan(ind)
-nan(ind)
-nan(ind)
-nan(ind)
-nan(ind)
-nan(ind)
-nan(ind)
-nan(ind)
-nan(ind)
-nan(ind)
-nan(ind)
-nan(ind)
-nan(ind)
-nan(ind)
-nan(ind)
-nan(ind)
-nan(ind)
-nan(ind)
-nan(ind)
-nan(ind)
-nan(ind)
-nan(ind)
-nan(ind)
-nan(ind)
-nan(ind)
-nan(ind)
-nan(ind)
-nan(ind)
-nan(ind)
-nan(ind)
-nan(ind)
-nan(ind)
-nan(ind)
-nan(ind)
-nan(ind)
-nan(ind)
-nan(ind)
-nan(ind)
-nan(ind)
-nan(ind)
-nan(ind)
-nan(ind)
-nan(ind)
677.1546
677.1546
694.36246
708.16138
724.6602
733.06181
751.4181
762.7149
861.9865
861.9865
898.37742
898.37742
893.26292
887.85613
882.64784
876.61449
871.72778
864.29289
861.52326
861.52326
794.69113
794.69113
789.09545
783.50427
777.91723
772.3339
766.74869
761.15
755.55669
755.55669
795.17184
795.17184
789.46325
783.78048
778.11963
772.47724
766.84084
761.17018
755.44394
755.44394
795.56765
795.56765
789.76658
784.00832
778.28619
772.59436
766.89161
761.13114
755.25186
755.25186
863.52655
863.52655
862.79675
862.06514
861.2192
860.36907
859.47182
858.57052
857.65245
856.73116
855.80366
854.87342
853.93988
853.00381
852.06511
851.12394
850.1803
849.23421
848.2857
847.33478
846.38146
845.42576
844.4677
843.5073
842.54457
841.57953
840.61219
839.64259
838.67074
837.69665
836.72036
835.74189
834.76125
833.77848
832.79359
831.80662
830.81758
829.82651
828.83343
827.83837
826.84137
825.84244
824.84162
823.83894
822.83444
821.82814
820.82008
819.81029
818.79881
817.78567
816.77091
815.75455
814.73663
813.71716
812.69607
811.67337
810.64846
809.62121
808.58894
807.55092
806.49765
805.42613
804.3103
803.14044
801.8643
800.45615
798.98878
797.4516
795.88146
794.27553
792.64741
790.99645
789.32637
787.63689
785.92862
784.20127
782.45468
780.68851
778.90246
777.09613
775.26911
773.42087
771.55054
769.65679
767.73638
765.78416
763.78549
761.7194
759.5281
757.12999
754.35016
750.8664
746.351
740.25777
735.13225
724.95309
721.73402
703.78214
709.07921
709.07921
908.97302
908.97302
908.47784
907.98227
907.4863
906.99017
906.49365
905.99697
905.49993
905.00273
904.50519
904.00744
903.50924
903.01081
902.51193
902.01279
901.51322
901.01337
900.51309
900.0125
899.5115
899.01017
898.50844
898.00636
897.50387
897.00104
896.49779
895.99418
895.49016
894.98576
894.48095
893.97575
893.47013
892.96411
892.45767
891.95081
891.44351
890.93579
890.42761
889.91899
889.40991
888.90036
888.39033
887.87982
887.3688
886.85726
886.3452
885.8326
885.31943
884.80569
884.29136
883.77641
883.26082
882.74457
882.22763
881.70997
881.19157
880.67238
880.15238
879.63151
879.10975
878.58703
878.0633
877.53852
877.01561
876.49526
875.9739
875.45129
874.92739
874.40208
873.87529
873.34692
872.81685
872.28495
871.75111
871.2151
870.67683
870.13597
869.59244
869.04573
868.49585
867.94195
867.38428
866.82127
866.2539
865.67895
865.09935
864.50789
863.91298
863.29675
862.68379
862.03397
861.44188
860.7399
860.17384
859.25283
858.88974
857.05872
857.84732
857.84732
908.97302
908.97302
908.47784
907.98227
907.4863
906.99017
906.49365
905.99697
905.49993
905.00273
904.50519
904.00744
903.50924
903.01081
902.51193
902.01279
901.51322
901.01337
900.51309
900.0125
899.5115
899.01017
898.50844
898.00636
897.50387
897.00104
896.49779
895.99418
895.49016
894.98576
894.48095
893.97575
893.47013
892.96411
892.45767
891.95081
891.44351
890.93579
890.42761
889.91899
889.40991
888.90036
888.39033
887.87982
887.3688
886.85726
886.3452
885.8326
885.31943
884.80569
884.29136
883.77641
883.26082
882.74457
882.22763
881.70997
881.19157
880.67238
880.15238
879.63151
879.10975
878.58703
878.0633
877.53852
877.01561
876.49526
875.9739
875.45129
874.92739
874.40208
873.87529
873.34692
872.81685
872.28495
871.75111
871.2151
870.67683
870.13597
869.59244
869.04573
868.49585
867.94195
867.38428
866.82127
866.2539
865.67895
865.09935
864.50789
863.91298
863.29675
862.68379
862.03397
861.44188
860.7399
860.17384
859.25283
858.88974
857.05872
857.84732
857.84732
908.97302
908.97302
908.47784
907.98227
907.4863
906.99017
906.49365
905.99697
905.49993
905.00273
904.50519
904.00744
903.50924
903.01081
902.51193
902.01279
901.51322
901.01337
900.51309
900.0125
899.5115
899.01017
898.50844
898.00636
897.50387
897.00104
896.49779
895.99418
895.49016
894.98576
894.48095
893.97575
893.47013
892.96411
892.45767
891.95081
891.44351
890.93579
890.42761
889.91899
889.40991
888.90036
888.39033
887.87982
887.3688
886.85726
886.3452
885.8326
885.31943
884.80569
884.29136
883.77641
883.26082
882.74457
882.22763
881.70997
881.19157
880.67238
880.15238
879.63151
879.10975
878.58703
878.0633
877.53852
877.01561
876.49526
875.9739
875.45129
874.92739
874.40208
873.87529
873.34692
872.81685
872.28495
871.75111
871.2151
870.67683
870.13597
869.59244
869.04573
868.49585
867.94195
867.38428
866.82127
866.2539
865.67895
865.09935
864.50789
863.91298
863.29675
862.68379
862.03397
861.44188
860.7399
860.17384
859.25283
858.88974
857.05872
857.84732
857.84732
908.97302
908.97302
908.47784
907.98227
907.4863
906.99017
906.49365
905.99697
905.49993
905.00273
904.50519
904.00744
903.50924
903.01081
902.51193
902.01279
901.51322
901.01337
900.51309
900.0125
899.5115
899.01017
898.50844
898.00636
897.50387
897.00104
896.49779
895.99418
895.49016
894.98576
894.48095
893.97575
893.47013
892.96411
892.45767
891.95081
891.44351
890.93579
890.42761
889.91899
889.40991
888.90036
888.39033
887.87982
887.3688
886.85726
886.3452
885.8326
885.31943
884.80569
884.29136
883.77641
883.26082
882.74457
882.22763
881.70997
881.19157
880.67238
880.15238
879.63151
879.10975
878.58703
878.0633
877.53852
877.01561
876.49526
875.9739
875.45129
874.92739
874.40208
873.87529
873.34692
872.81685
872.28495
871.75111
871.2151
870.67683
870.13597
869.59244
869.04573
868.49585
867.94195
867.38428
866.82127
866.2539
865.67895
865.09935
864.50789
863.91298
863.29675
862.68379
862.03397
861.44188
860.7399
860.17384
859.25283
858.88974
857.05872
857.84732
857.84732
908.97302
908.97302
908.47784
907.98227
907.4863
906.99017
906.49365
905.99697
905.49993
905.00273
904.50519
904.00744
903.50924
903.01081
902.51193
902.01279
901.51322
901.01337
900.51309
900.0125
899.5115
899.01017
898.50844
898.00636
897.50387
897.00104
896.49779
895.99418
895.49016
894.98576
894.48095
893.97575
893.47013
892.96411
892.45767
891.95081
891.44351
890.93579
890.42761
889.91899
889.40991
888.90036
888.39033
887.87982
887.3688
886.85726
886.3452
885.8326
885.31943
884.80569
884.29136
883.77641
883.26082
882.74457
882.22763
881.70997
881.19157
880.67238
880.15238
879.63151
879.10975
878.58703
878.0633
877.53852
877.01561
876.49526
875.9739
875.45129
874.92739
874.40208
873.87529
873.34692
872.81685
872.28495
871.75111
871.2151
870.67683
870.13597
869.59244
869.04573
868.49585
867.94195
867.38428
866.82127
866.2539
865.67895
865.09935
864.50789
863.91298
863.29675
862.68379
862.03397
861.44188
860.7399
860.17384
859.25283
858.88974
857.05872
857.84732
857.84732
908.97302
908.97302
908.47784
907.98227
907.4863
906.99017
906.49365
905.99697
905.49993
905.00273
904.50519
904.00744
903.50924
903.01081
902.51193
902.01279
901.51322
901.01337
900.51309
900.0125
899.5115
899.01017
898.50844
898.00636
897.50387
897.00104
896.49779
895.99418
895.49016
894.98576
894.48095
893.97575
893.47013
892.96411
892.45767
891.95081
891.44351
890.93579
890.42761
889.91899
889.40991
888.90036
888.39033
887.87982
887.3688
886.85726
886.3452
885.8326
885.31943
884.80569
884.29136
883.77641
883.26082
882.74457
882.22763
881.70997
881.19157
880.67238
880.15238
879.63151
879.10975
878.58703
878.0633
877.53852
877.01561
876.49526
875.9739
875.45129
874.92739
874.40208
873.87529
873.34692
872.81685
872.28495
871.75111
871.2151
870.67683
870.13597
869.59244
869.04573
868.49585
867.94195
867.38428
866.82127
866.2539
865.67895
865.09935
864.50789
863.91298
863.29675
862.68379
862.03397
861.44188
860.7399
860.17384
859.25283
858.88974
857.05872
857.84732
857.84732
908.97302
908.97302
908.47784
907.98227
907.4863
906.99017
906.49365
905.99697
905.49993
905.00273
904.50519
904.00744
903.50924
903.01081
902.51193
902.01279
901.51322
901.01337
900.51309
900.0125
899.5115
899.01017
898.50844
898.00636
897.50387
897.00104
896.49779
895.99418
895.49016
894.98576
894.48095
893.97575
893.47013
892.96411
892.45767
891.95081
891.44351
890.93579
890.42761
889.91899
889.40991
888.90036
888.39033
887.87982
887.3688
886.85726
886.3452
885.8326
885.31943
884.80569
884.29136
883.77641
883.26082
882.74457
882.22763
881.70997
881.19157
880.67238
880.15238
879.63151
879.10975
878.58703
878.0633
877.53852
877.01561
876.49526
875.9739
875.45129
874.92739
874.40208
873.87529
873.34692
872.81685
872.28495
871.75111
871.2151
870.67683
870.13597
869.59244
869.04573
868.49585
867.94195
867.38428
866.82127
866.2539
865.67895
865.09935
864.50789
863.91298
863.29675
862.68379
862.03397
861.44188
860.7399
860.17384
859.25283
858.88974
857.05872
857.84732
857.84732
908.97302
908.97302
908.47784
907.98227
907.4863
906.99017
906.49365
905.99697
905.49993
905.00273
904.50519
904.00744
903.50924
903.01081
902.51193
902.01279
901.51322
901.01337
900.51309
900.0125
899.5115
899.01017
898.50844
898.00636
897.50387
897.00104
896.49779
895.99418
895.49016
894.98576
894.48095
893.97575
893.47013
892.96411
892.45767
891.95081
891.44351
890.93579
890.42761
889.91899
889.40991
888.90036
888.39033
887.87982
887.3688
886.85726
886.3452
885.8326
885.31943
884.80569
884.29136
883.77641
883.26082
882.74457
882.22763
881.70997
881.19157
880.67238
880.15238
879.63151
879.10975
878.58703
878.0633
877.53852
877.01561
876.49526
875.9739
875.45129
874.92739
874.40208
873.87529
873.34692
872.81685
872.28495
871.75111
871.2151
870.67683
870.13597
869.59244
869.04573
868.49585
867.94195
867.38428
866.82127
866.2539
865.67895
865.09935
864.50789
863.91298
863.29675
862.68379
862.03397
861.44188
860.7399
860.17384
859.25283
858.88974
857.05872
857.84732
857.84732
909.39445
909.39445
908.58526
907.7757
906.96592
906.1561
905.34608
904.536
903.72572
902.91539
902.10486
901.29428
900.4835
899.67256
898.8614
898.05005
897.23846
896.43443
895.6358
894.83679
894.03732
893.2374
892.43703
891.63623
890.83498
890.0333
889.23119
888.42866
887.6257
886.82232
886.01853
885.21434
884.40973
883.60471
882.79929
881.99347
881.18726
880.38064
879.57362
878.76621
877.9584
877.15019
876.34158
875.53258
874.72317
873.91335
873.10313
872.2925
871.48145
870.66998
869.85808
869.04575
868.23297
867.41975
866.60606
865.79191
864.97727
864.16213
863.34649
862.53031
861.71359
860.8963
860.07842
859.25993
858.4408
857.62099
856.80047
855.97921
855.15717
854.33429
853.51052
852.6858
851.86008
851.03326
850.20527
849.376
848.54537
847.71434
846.88742
846.05908
845.22903
844.3968
843.56258
842.7255
841.88617
841.04278
840.19709
839.34506
838.49153
837.62658
836.764
835.87707
835.00728
834.07468
833.23186
832.21348
831.50034
830.00425
829.90012
829.90012
1215.3638
1215.3638
1211.1923
1207.0191
1202.8454
1198.6715
1194.4973
1190.3231
1186.1485
1181.974
1177.7993
1173.6246
1169.4497
1165.2749
1161.1
1156.9251
1152.7503
1148.5756
1144.4009
1140.2268
1136.0563
1131.8956
1127.8391
1123.7731
1119.7058
1115.6375
1111.5679
1107.4974
1103.4259
1099.3537
1095.2806
1091.2067
1087.132
1083.0564
1078.9802
1074.9033
1070.8258
1066.7476
1062.6688
1058.5893
1054.5093
1050.4287
1046.3476
1042.266
1038.184
1034.1014
1030.018
1025.9341
1021.8498
1017.8201
1014.0054
1010.1549
1006.302
1002.4476
998.59166
994.73316
990.87326
987.01196
983.14927
979.28515
975.4196
971.55259
967.68411
963.81413
959.94263
956.06959
952.1954
948.31958
944.44206
940.56281
936.68179
932.79896
928.91427
925.02766
921.13908
917.24843
913.35565
909.57317
906.01617
902.41287
898.83333
895.25161
891.66673
888.07837
884.487
880.89185
877.29395
873.69148
870.0869
866.47572
862.86445
859.24111
855.62447
851.97932
848.37555
844.69948
841.15324
837.2745
834.00722
834.00722
1217.8761
1217.8761
1215.796
1213.7153
1211.6348
1209.5546
1207.4745
1205.3946
1203.3149
1201.2354
1199.156
1197.0768
1194.9977
1192.9188
1190.84
1188.7613
1186.6827
1184.6042
1182.5257
1180.4474
1178.3692
1176.291
1174.2128
1172.1348
1170.0567
1167.9787
1165.9007
1163.8227
1161.7447
1159.6666
1157.5886
1155.5105
1153.4323
1151.3541
1149.2758
1147.1974
1145.1235
1143.0689
1141.0144
1138.9593
1136.9038
1134.8478
1132.7913
1130.772
1128.7728
1126.767
1124.7603
1122.7529
1120.7448
1118.736
1116.7264
1114.7162
1112.7053
1110.6937
1108.6814
1106.6684
1104.6547
1102.6402
1100.6251
1098.6091
1096.5925
1094.575
1092.5568
1090.5377
1088.5178
1086.4971
1084.4754
1082.4528
1080.4292
1078.4047
1076.379
1074.3522
1072.3242
1070.2949
1068.2643
1066.2323
1064.1986
1062.1633
1060.1261
1058.0869
1056.0456
1054.0017
1051.9553
1049.9057
1047.8593
1045.8157
1043.7694
1041.7174
1039.6624
1037.5974
1035.5325
1033.446
1031.3731
1029.2419
1027.1823
1024.9213
1022.9976
1020.2077
1019.1372
1019.1372
1212.7386
1212.7386
1210.6753
1208.609
1206.5416
1204.474
1202.4053
1200.3363
1198.2664
1196.1961
1194.125
1192.0534
1189.981
1187.908
1185.8343
1183.76
1181.685
1179.6093
1177.5328
1175.4557
1173.3778
1171.2992
1169.2198
1167.1396
1165.0585
1162.9766
1160.8938
1158.8101
1156.7254
1154.6396
1152.5528
1150.4649
1148.3759
1146.2855
1144.1939
1142.1009
1140.0208
1137.9997
1135.9827
1133.9645
1131.945
1129.924
1127.9015
1125.931
1123.9782
1122.0054
1120.029
1118.051
1116.0715
1114.0906
1112.1083
1110.1246
1108.1396
1106.1533
1104.1658
1102.177
1100.1869
1098.1957
1096.2033
1094.2097
1092.215
1090.2191
1088.2222
1086.2241
1084.225
1082.2248
1080.2235
1078.2212
1076.2179
1074.2136
1072.2082
1070.2019
1068.1945
1066.1862
1064.1768
1062.1665
1060.1553
1058.143
1056.1298
1054.1156
1052.1005
1050.0844
1048.0673
1046.0492
1044.0458
1042.0596
1040.0767
1038.0946
1036.1133
1034.1323
1032.1538
1030.1726
1028.2026
1026.2091
1024.2807
1022.1915
1020.5101
1017.793
1017.5757
1017.5757
744.60952
744.60952
715.60669
680.827
650.26251
629.34868
619.78569
620.29473
627.99602
639.7664
653.07617
666.26151
678.44181
689.30186
698.87093
707.35079
715.00023
722.06671
728.75255
735.20389
741.51366
747.73154
753.87625
759.94716
765.93364
771.82177
777.59835
783.25306
788.77901
794.17256
799.43269
804.56017
809.55692
814.42541
819.16829
823.78814
828.28736
832.66809
836.93226
841.08155
845.1177
849.04228
852.85679
856.57308
860.1589
863.61077
866.95618
870.20135
873.3485
876.39906
879.35431
882.21548
884.98377
887.66037
890.24643
892.7431
895.15147
897.47262
899.70762
901.85748
903.92319
905.90571
907.80596
909.62482
911.36313
913.02168
914.60123
916.10244
917.52596
918.87234
920.14206
921.33551
922.45297
923.4946
924.46045
925.35041
926.16417
926.9012
927.56065
928.14137
928.64174
929.05959
929.39203
929.63521
929.78403
929.83166
929.76892
929.58339
929.25812
928.76983
928.08629
927.16277
925.93693
924.32198
922.19764
919.39909
915.70606
910.83986
904.49322
904.49322
749.5153
749.5153
721.24065
687.56908
658.32611
638.76715
630.40366
631.81137
640.04433
651.99057
665.18127
678.03207
689.73933
700.05251
709.05107
716.97348
724.10367
730.70447
736.98521
743.0923
749.11368
755.09044
761.03074
766.92292
772.7461
778.47772
784.09818
789.59307
794.95369
800.17644
805.26171
810.21251
815.03327
819.72882
824.30366
828.76158
833.10548
837.33748
841.45899
845.47096
849.37436
853.17007
856.85907
860.45343
863.92078
867.25726
870.49027
873.62606
876.6669
879.61424
882.46932
885.23329
887.90726
890.49231
892.98949
895.39986
897.72443
899.96424
902.12028
904.19352
906.18491
908.09535
909.9257
911.67681
913.34945
914.94436
916.46225
917.90374
919.26943
920.55982
921.77537
922.91641
923.9832
924.97586
925.89439
926.73867
927.50834
928.20283
928.82128
929.36248
929.82477
930.20592
930.50296
930.71193
930.82756
930.84281
930.74818
930.53079
930.17309
929.65092
928.93092
927.9668
926.69424
925.0239
922.83242
919.95144
916.15731
911.16996
904.68775
904.68775
852.14047
852.14047
824.54761
792.366
765.99055
748.43557
740.93054
742.13167
749.45387
760.18397
772.13783
783.87849
794.65059
804.20142
813.313
821.29363
828.47812
835.12792
841.45163
847.5958
853.64906
859.65346
865.61813
871.53226
877.37561
883.12606
888.76426
894.27589
899.65222
904.90464
910.43658
915.76071
920.94089
925.98373
930.8942
935.67648
940.33381
944.86859
949.28244
953.57654
957.75201
961.8099
965.75132
969.58876
973.28973
976.84889
980.29402
983.63285
986.86803
990.00114
993.03349
995.96628
998.80065
1001.5377
1004.1785
1006.7239
1009.1752
1011.5345
1013.9836
1016.2958
1018.5113
1020.6338
1022.6648
1024.605
1026.4556
1028.2172
1029.8906
1031.4764
1032.9753
1034.3877
1035.7138
1036.9539
1038.1078
1039.1752
1040.1554
1041.0475
1041.8498
1042.5607
1043.199
1043.7472
1044.2015
1044.5607
1044.8229
1044.9851
1045.0433
1044.992
1044.8246
1044.533
1044.1081
1043.5389
1042.8097
1041.8927
1040.7308
1039.2076
1037.1042
1034.029
1029.2736
1021.4283
1005.9357
1005.9357
