1.656872e+88
1.656872e+88
-6.6660815e+89
-3.4566619e+89
5610.6745
415730.73
415730.73
359753.21
362582.97
48133.076
1760579.3
1760579.3
1350126.7
593383.81
48133.076
415730.73
415730.73
359753.21
362582.97
48133.076
-901442.55
-901442.55
-347636.51
-142324.84
91110.572
415730.73
415730.73
359753.21
362582.97
48133.076
83249.264
66686.795
65643.828
70860.569
49250.14
109638.58
93215.792
87700.899
95872.939
49411.341
140521.36
124098.57
104241.81
127855.52
49411.277
24723.84
24723.84
24720.849
24717.063
24711.005
24703.663
24694.526
24683.88
24671.687
24657.915
24642.759
24625.503
24605.387
24582.71
24557.173
24528.756
24497.353
24462.885
24425.275
24384.45
24340.345
24292.896
24242.04
24187.722
24129.887
24068.482
24003.457
23934.764
23862.358
23786.191
23706.222
23622.405
23534.7
23443.064
23347.456
23247.833
23144.155
23036.378
22924.461
22808.358
22688.028
22563.422
22434.494
22301.197
22163.475
22021.279
21874.553
21723.236
21567.269
21406.586
21241.119
21070.795
20895.535
20715.259
20529.877
20339.297
20143.417
19942.13
19735.319
19522.861
19304.621
19080.455
18850.202
18613.703
18370.751
18121.23
17865.099
17602.166
17332.278
17055.251
16770.877
16478.93
16179.149
15871.255
15554.919
15229.775
14895.419
14551.379
14197.122
13832.038
13455.426
13066.474
12664.226
12247.572
11815.192
11365.482
10896.557
10405.987
9890.9911
9347.4514
8771.341
8154.278
7491.7623
6762.6115
5971.181
5034.2901
4027.8511
2515.6881
1189.7194
338.31554
-nan(ind)
-nan(ind)
-nan(ind)
-nan(ind)
-nan(ind)
-nan(ind)
-nan(ind)
-nan(ind)
-nan(ind)
-nan(ind)
-nan(ind)
-nan(ind)
-nan(ind)
-nan(ind)
-nan(ind)
-nan(ind)
-nan(ind)
-nan(ind)
-nan(ind)
-nan(ind)
-nan(ind)
-nan(ind)
-nan(ind)
-nan(ind)
-nan(ind)
-nan(ind)
-nan(ind)
-nan(ind)
-nan(ind)
-nan(ind)
-nan(ind)
-nan(ind)
-nan(ind)
-nan(ind)
-nan(ind)
-nan(ind)
-nan(ind)
-nan(ind)
-nan(ind)
-nan(ind)
-nan(ind)
-nan(ind)
-nan(ind)
-nan(ind)
-nan(ind)
-nan(ind)
-nan(ind)
-nan(ind)
-nan(ind)
-nan(ind)
-nan(ind)
-nan(ind)
-nan(ind)
-nan(ind)
-nan(ind)
-nan(ind)
-nan(ind)
-nan(ind)
-nan(ind)
-nan(ind)
-nan(ind)
-nan(ind)
-nan(ind)
-nan(ind)
-nan(ind)
-nan(ind)
-nan(ind)
-nan(ind)
-nan(ind)
-nan(ind)
-nan(ind)
-nan(ind)
-nan(ind)
-nan(ind)
-nan(ind)
-nan(ind)
-nan(ind)
-nan(ind)
-nan(ind)
-nan(ind)
-nan(ind)
-nan(ind)
-nan(ind)
-nan(ind)
-nan(ind)
-nan(ind)
-nan(ind)
-nan(ind)
-nan(ind)
-nan(ind)
-nan(ind)
-nan(ind)
-nan(ind)
-nan(ind)
-nan(ind)
-nan(ind)
-nan(ind)
-nan(ind)
-nan(ind)
-nan(ind)
8241.3631
8241.3631
8126.4929
7801.7168
7624.7778
6812.4676
6825.4201
4954.6629
6328.0936
338.31554
7743.5123
7743.5123
7657.7374
7339.2332
7261.68
6441.9605
6672.4418
4758.2252
6507.7465
338.31554
339.1122
339.1122
338.98539
338.87286
338.77328
338.68539
338.59228
338.45914
338.34243
338.31554
340.58605
340.58605
340.1117
339.71795
339.39217
339.12348
338.87398
338.52135
338.00007
338.31554
341.80094
341.80094
341.04076
340.41464
339.90082
339.48077
339.02868
338.40249
337.41687
338.31554
792.62924
792.62924
788.87911
785.13483
779.60946
774.09545
767.94048
761.82115
755.55294
749.33939
743.13873
737.0005
730.91661
724.89677
718.93927
713.04532
707.21421
701.44565
695.73905
690.0939
684.50965
678.98574
673.52162
668.11676
662.77062
657.48266
652.25235
647.07916
641.96258
636.90208
631.89714
626.94727
622.05193
617.21065
612.4229
607.6882
603.00606
598.37598
593.79748
589.27008
584.7933
580.36667
575.98971
571.66196
567.38295
563.15222
558.96932
554.83379
550.74519
546.70305
542.70693
538.75637
534.85079
530.98974
527.17191
523.3967
519.65937
515.95851
512.2755
508.60558
504.88601
501.10036
497.08264
492.78332
487.87799
482.24466
476.38537
470.25947
464.10193
457.9057
451.75285
445.6431
439.59834
433.61843
427.70764
421.86548
416.09214
410.387
404.74946
399.17877
393.674
388.23387
382.85597
377.53633
372.26446
367.02435
361.76912
356.43622
350.85113
344.78916
337.77708
329.01083
317.86687
303.56537
292.66023
272.21778
266.97158
237.55068
246.59639
227.97219
25648.849
25648.849
25645.635
25642.277
25635.857
25629.259
25619.765
25610.039
25597.597
25584.851
25569.577
25553.351
25533.267
25511.831
25486.524
25459.495
25428.603
25395.654
25358.86
25319.706
25276.729
25231.123
25181.713
25129.438
25073.37
25014.232
24951.303
24885.127
24815.151
24741.774
24664.581
24583.854
24499.281
24411.059
24318.955
24223.097
24123.312
24019.679
23912.066
23800.516
23684.926
23565.312
23441.592
23313.759
23181.746
23045.531
22905.052
22760.276
22611.143
22457.609
22299.615
22137.108
21970.023
21798.299
21621.865
21440.652
21254.579
21063.565
20867.521
20666.353
20459.959
20248.23
20031.048
19808.288
19579.812
19345.517
19105.464
18859.449
18607.472
18349.322
18084.986
17814.196
17536.963
17252.904
16962.113
16663.993
16358.837
16045.642
15725.143
15395.548
15058.54
14710.742
14355.908
13987.313
13613.34
13219.912
12826.046
12400.78
11988.524
11517.586
11095.886
10547.831
10149.669
9443.4437
9184.3409
8074.0333
8354.7179
5952.9951
8298.147
227.97191
25648.849
25648.849
25645.635
25642.277
25635.857
25629.259
25619.765
25610.039
25597.597
25584.851
25569.577
25553.351
25533.267
25511.831
25486.524
25459.495
25428.603
25395.654
25358.86
25319.706
25276.729
25231.123
25181.713
25129.438
25073.37
25014.232
24951.303
24885.127
24815.151
24741.774
24664.581
24583.854
24499.281
24411.059
24318.955
24223.097
24123.312
24019.679
23912.066
23800.516
23684.926
23565.312
23441.592
23313.759
23181.746
23045.531
22905.052
22760.276
22611.143
22457.609
22299.615
22137.108
21970.023
21798.299
21621.865
21440.652
21254.579
21063.565
20867.521
20666.353
20459.959
20248.23
20031.048
19808.288
19579.812
19345.517
19105.464
18859.449
18607.472
18349.322
18084.986
17814.196
17536.963
17252.904
16962.113
16663.993
16358.837
16045.642
15725.143
15395.548
15058.54
14710.742
14355.908
13987.313
13613.34
13219.912
12826.046
12400.78
11988.524
11517.586
11095.886
10547.831
10149.669
9443.4437
9184.3409
8074.0333
8354.7179
5952.9951
8298.147
227.97191
25648.849
25648.849
25645.635
25642.277
25635.857
25629.259
25619.765
25610.039
25597.597
25584.851
25569.577
25553.351
25533.267
25511.831
25486.524
25459.495
25428.603
25395.654
25358.86
25319.706
25276.729
25231.123
25181.713
25129.438
25073.37
25014.232
24951.303
24885.127
24815.151
24741.774
24664.581
24583.854
24499.281
24411.059
24318.955
24223.097
24123.312
24019.679
23912.066
23800.516
23684.926
23565.312
23441.592
23313.759
23181.746
23045.531
22905.052
22760.276
22611.143
22457.609
22299.615
22137.108
21970.023
21798.299
21621.865
21440.652
21254.579
21063.565
20867.521
20666.353
20459.959
20248.23
20031.048
19808.288
19579.812
19345.517
19105.464
18859.449
18607.472
18349.322
18084.986
17814.196
17536.963
17252.904
16962.113
16663.993
16358.837
16045.642
15725.143
15395.548
15058.54
14710.742
14355.908
13987.313
13613.34
13219.912
12826.046
12400.78
11988.524
11517.586
11095.886
10547.831
10149.669
9443.4437
9184.3409
8074.0333
8354.7179
5952.9951
8298.147
227.97191
25648.849
25648.849
25645.635
25642.277
25635.857
25629.259
25619.765
25610.039
25597.597
25584.851
25569.577
25553.351
25533.267
25511.831
25486.524
25459.495
25428.603
25395.654
25358.86
25319.706
25276.729
25231.123
25181.713
25129.438
25073.37
25014.232
24951.303
24885.127
24815.151
24741.774
24664.581
24583.854
24499.281
24411.059
24318.955
24223.097
24123.312
24019.679
23912.066
23800.516
23684.926
23565.312
23441.592
23313.759
23181.746
23045.531
22905.052
22760.276
22611.143
22457.609
22299.615
22137.108
21970.023
21798.299
21621.865
21440.652
21254.579
21063.565
20867.521
20666.353
20459.959
20248.23
20031.048
19808.288
19579.812
19345.517
19105.464
18859.449
18607.472
18349.322
18084.986
17814.196
17536.963
17252.904
16962.113
16663.993
16358.837
16045.642
15725.143
15395.548
15058.54
14710.742
14355.908
13987.313
13613.34
13219.912
12826.046
12400.78
11988.524
11517.586
11095.886
10547.831
10149.669
9443.4437
9184.3409
8074.0333
8354.7179
5952.9951
8298.147
227.97191
25648.849
25648.849
25645.635
25642.277
25635.857
25629.259
25619.765
25610.039
25597.597
25584.851
25569.577
25553.351
25533.267
25511.831
25486.524
25459.495
25428.603
25395.654
25358.86
25319.706
25276.729
25231.123
25181.713
25129.438
25073.37
25014.232
24951.303
24885.127
24815.151
24741.774
24664.581
24583.854
24499.281
24411.059
24318.955
24223.097
24123.312
24019.679
23912.066
23800.516
23684.926
23565.312
23441.592
23313.759
23181.746
23045.531
22905.052
22760.276
22611.143
22457.609
22299.615
22137.108
21970.023
21798.299
21621.865
21440.652
21254.579
21063.565
20867.521
20666.353
20459.959
20248.23
20031.048
19808.288
19579.812
19345.517
19105.464
18859.449
18607.472
18349.322
18084.986
17814.196
17536.963
17252.904
16962.113
16663.993
16358.837
16045.642
15725.143
15395.548
15058.54
14710.742
14355.908
13987.313
13613.34
13219.912
12826.046
12400.78
11988.524
11517.586
11095.886
10547.831
10149.669
9443.4437
9184.3409
8074.0333
8354.7179
5952.9951
8298.147
227.97191
25648.849
25648.849
25645.635
25642.277
25635.857
25629.259
25619.765
25610.039
25597.597
25584.851
25569.577
25553.351
25533.267
25511.831
25486.524
25459.495
25428.603
25395.654
25358.86
25319.706
25276.729
25231.123
25181.713
25129.438
25073.37
25014.232
24951.303
24885.127
24815.151
24741.774
24664.581
24583.854
24499.281
24411.059
24318.955
24223.097
24123.312
24019.679
23912.066
23800.516
23684.926
23565.312
23441.592
23313.759
23181.746
23045.531
22905.052
22760.276
22611.143
22457.609
22299.615
22137.108
21970.023
21798.299
21621.865
21440.652
21254.579
21063.565
20867.521
20666.353
20459.959
20248.23
20031.048
19808.288
19579.812
19345.517
19105.464
18859.449
18607.472
18349.322
18084.986
17814.196
17536.963
17252.904
16962.113
16663.993
16358.837
16045.642
15725.143
15395.548
15058.54
14710.742
14355.908
13987.313
13613.34
13219.912
12826.046
12400.78
11988.524
11517.586
11095.886
10547.831
10149.669
9443.4437
9184.3409
8074.0333
8354.7179
5952.9951
8298.147
227.97191
25648.849
25648.849
25645.635
25642.277
25635.857
25629.259
25619.765
25610.039
25597.597
25584.851
25569.577
25553.351
25533.267
25511.831
25486.524
25459.495
25428.603
25395.654
25358.86
25319.706
25276.729
25231.123
25181.713
25129.438
25073.37
25014.232
24951.303
24885.127
24815.151
24741.774
24664.581
24583.854
24499.281
24411.059
24318.955
24223.097
24123.312
24019.679
23912.066
23800.516
23684.926
23565.312
23441.592
23313.759
23181.746
23045.531
22905.052
22760.276
22611.143
22457.609
22299.615
22137.108
21970.023
21798.299
21621.865
21440.652
21254.579
21063.565
20867.521
20666.353
20459.959
20248.23
20031.048
19808.288
19579.812
19345.517
19105.464
18859.449
18607.472
18349.322
18084.986
17814.196
17536.963
17252.904
16962.113
16663.993
16358.837
16045.642
15725.143
15395.548
15058.54
14710.742
14355.908
13987.313
13613.34
13219.912
12826.046
12400.78
11988.524
11517.586
11095.886
10547.831
10149.669
9443.4437
9184.3409
8074.0333
8354.7179
5952.9951
8298.147
227.97191
25648.849
25648.849
25645.635
25642.277
25635.857
25629.259
25619.765
25610.039
25597.597
25584.851
25569.577
25553.351
25533.267
25511.831
25486.524
25459.495
25428.603
25395.654
25358.86
25319.706
25276.729
25231.123
25181.713
25129.438
25073.37
25014.232
24951.303
24885.127
24815.151
24741.774
24664.581
24583.854
24499.281
24411.059
24318.955
24223.097
24123.312
24019.679
23912.066
23800.516
23684.926
23565.312
23441.592
23313.759
23181.746
23045.531
22905.052
22760.276
22611.143
22457.609
22299.615
22137.108
21970.023
21798.299
21621.865
21440.652
21254.579
21063.565
20867.521
20666.353
20459.959
20248.23
20031.048
19808.288
19579.812
19345.517
19105.464
18859.449
18607.472
18349.322
18084.986
17814.196
17536.963
17252.904
16962.113
16663.993
16358.837
16045.642
15725.143
15395.548
15058.54
14710.742
14355.908
13987.313
13613.34
13219.912
12826.046
12400.78
11988.524
11517.586
11095.886
10547.831
10149.669
9443.4437
9184.3409
8074.0333
8354.7179
5952.9951
8298.147
227.97191
23698.396
23698.396
23695.594
23692.663
23686.985
23681.132
23672.593
23663.826
23652.438
23640.762
23626.531
23611.953
23594.881
23575.647
23553.442
23528.708
23500.794
23469.987
23435.833
23398.682
23358.105
23314.383
23267.174
23216.7
23162.691
23105.317
23044.37
22979.978
22911.981
22840.474
22765.337
22686.634
22604.279
22518.315
22428.676
22335.391
22238.41
22137.75
22033.372
21925.284
21813.456
21697.886
21578.549
21455.439
21328.531
21197.814
21063.264
20924.864
20782.588
20636.414
20486.313
20332.258
20174.216
20012.152
19846.028
19675.802
19501.431
19322.862
19140.044
18952.914
18761.414
18565.466
18365.002
18159.928
17950.167
17735.601
17516.145
17291.65
17062.025
16827.078
16586.719
16340.688
16088.919
15831.039
15567.048
15296.38
15019.187
14734.561
14443.008
14143.118
13836.363
13519.606
13196.447
12860.458
12519.729
12160.78
11801.867
11413.456
11037.891
10607.152
10223.447
9721.1734
9360.0494
8710.0372
8475.7114
7448.5701
7709.9672
5485.2229
7649.2928
159.39303
35819.018
35819.018
35815.108
35811.109
35803.405
35795.661
35784.414
35773.151
35758.586
35744.006
35726.319
35707.08
35683.929
35658.881
35629.865
35598.636
35563.406
35525.673
35483.917
35439.391
35390.823
35339.239
35283.59
35224.7
35161.711
35095.273
35024.693
34950.467
34872.042
34789.786
34703.26
34612.725
34517.832
34418.757
34315.222
34207.333
34094.865
33977.871
33856.162
33729.749
33598.471
33462.303
33321.102
33174.817
33023.313
32866.516
32704.296
32536.56
32363.175
32184.032
31998.994
31807.932
31610.703
31407.161
31197.15
30980.508
30757.063
30526.633
30289.031
30044.048
29791.479
29531.088
29262.645
28985.881
28700.542
28406.313
28102.914
27789.972
27467.181
27134.087
26790.367
26435.447
26069.006
25690.289
25299.02
24894.15
24475.55
24041.663
23592.729
23126.26
22643.748
22143.164
21628.523
21091.632
20543.764
19965.914
19384.458
18756.455
18144.182
17446.676
16817.12
16004.598
15406.729
14357.379
13960.456
12299.321
12715.11
9072.5232
12691.377
170.17516
572843.4
572843.4
572826.04
572795.45
572739.8
572663.74
572556.4
572422.26
572251.36
572047.74
571802.39
571518.69
571188.62
570814.78
570390.18
569916.54
569387.9
568805.07
568163.11
567461.85
566697.39
565868.56
564972.47
564006.92
562970.06
561858.54
560671.65
559404.75
558058.43
556626.48
555111.1
553504.06
551809.72
550017.06
548133.51
546144.08
544060.73
541863.76
539580.58
537189.51
534707.34
532120.98
529440.39
526657.92
523779.25
520800.01
517723.31
514546.66
511271.66
507896.85
504422.9
500848.9
497174.95
493400.34
489524.82
485547.69
481468.42
477286.22
473000.32
468609.75
464113.48
459510.32
454798.97
449977.9
445045.53
439999.97
434839.25
429561.02
424162.92
418641.97
412995.4
407219.38
401310.75
395264.45
389077.1
382741.66
376255.13
369607
362796.19
355805.4
348639.56
341266.99
333709.07
325901.19
317908.74
309589.87
301139.66
292199.05
283295.82
273487.96
264272.73
252999.93
244124.12
229653.11
223692.9
200142.72
207425.84
151274.1
216394.66
4137.2007
179969.28
179969.28
179936.3
179891.75
179814.81
179725.23
179604.36
179469.27
179304.32
179123.28
178913.85
178686.38
178431.85
178157.43
177856.96
177534.98
177187.55
176817.25
176421.67
176002.08
175557.03
175086.94
174590.91
174068.87
173520.17
172944.42
172341.11
171709.61
171049.48
170359.82
169640.32
168889.67
168107.92
167292.91
166445.67
165562.14
164645.98
163692.51
162734.65
161760.81
160776.58
159781.16
158775.94
157761.51
156738.7
155708.18
154670.66
153626.77
152577.15
151522.37
150463.01
149399.59
148332.63
147262.62
146190.02
145115.27
144038.78
142960.96
141882.18
140802.79
139723.13
138643.53
137564.27
136485.64
135407.91
134331.32
133256.11
132182.48
131110.63
130040.74
128972.99
127907.51
126844.44
125783.91
124726
123670.8
122618.37
121568.78
120522.04
119478.17
118437.16
117398.99
116363.57
115330.94
114300.74
113282.73
112294.2
111339.27
110431.81
109553.26
108762.69
107923.79
107391.76
106278.34
106854.18
103330.58
110538.33
90300.958
140525.59
4467.0566
15813.873
14868.198
13630.354
12493.329
11620.65
11038.326
10705.615
10558.339
10531.798
10571.355
10636.213
10699.489
10746.278
10770.784
10773.279
10757.404
10728.099
10690.227
10647.824
10603.817
10560.053
10517.486
10476.428
10436.784
10398.253
10360.464
10323.065
10285.772
10248.378
10210.752
10172.824
10134.567
10095.985
10057.09
10017.904
9978.4437
9938.7229
9898.749
9858.5242
9818.0458
9777.3077
9736.3015
9695.0171
9653.4437
9611.57
9569.3843
9526.8749
9484.0298
9440.8367
9397.2827
9353.3546
9309.0383
9264.319
9219.181
9173.6075
9127.5808
9081.0817
9034.09
8986.5838
8938.5398
8889.933
8840.7363
8790.9207
8740.4548
8689.3046
8637.4334
8584.8009
8531.3636
8477.0734
8421.8781
8365.7196
8308.5341
8250.2505
8190.7896
8130.0628
8067.9698
8004.397
7939.2147
7872.2733
7803.3986
7732.3862
7658.9928
7582.9256
7503.8264
7421.2512
7334.6411
7243.2816
7146.247
7042.3244
6929.9102
6806.8765
6670.4032
6516.7858
6341.2499
6137.8512
5899.6279
5619.3285
5291.2866
4915.3687
4504.4331
15968.858
15023.183
13787.881
12657.14
11794.502
11225.085
10906.652
10773.273
10758.582
10806.67
10876.062
10939.825
10983.546
11002.277
10997.291
10973.2
10935.762
10890.442
10841.641
10792.441
10744.665
10699.12
10655.894
10614.635
10574.789
10535.763
10497.036
10458.208
10419.02
10379.337
10339.127
10298.427
10257.309
10215.858
10174.152
10132.246
10090.173
10047.942
10005.541
9962.949
9920.1371
9877.0777
9833.7469
9790.1265
9746.2039
9701.9707
9657.4206
9612.5476
9567.3442
9521.8009
9475.9053
9429.6432
9382.9981
9335.9525
9288.4883
9240.5864
9192.2273
9143.3905
9094.0544
9044.1959
8993.79
8942.8099
8891.2263
8839.0076
8786.1196
8732.525
8678.1835
8623.0511
8567.0798
8510.2169
8452.4044
8393.578
8333.6665
8272.5903
8210.2601
8146.5754
8081.4217
8014.6682
7946.1637
7875.732
7803.1653
7728.2156
7650.583
7569.8992
7485.7055
7397.4217
7304.3034
7205.3834
7099.3917
6984.6487
6858.9277
6719.2848
6561.8688
6381.7458
6172.8247
5928.0619
5640.2839
5304.2216
4920.701
4504.4331
204720.08
203774.41
203592.61
203438.3
203172.06
202853.82
202493.11
202069.78
201568.79
200987.71
200333.63
199618.44
198854.61
198052.55
197219.52
196359.64
195474.51
194564.08
193627.45
192663.46
191671.21
190650.3
189600.91
188523.77
187420.05
186291.18
185138.72
183964.2
182769.07
181554.59
180321.85
179071.75
177805.03
176522.29
175224.03
173910.69
172582.64
171240.24
169883.81
168513.62
167129.94
165732.94
164322.74
162899.38
161462.73
160013.32
158551.58
157077.03
155588.72
154085.62
152566.71
151030.94
149477.16
147904.06
146310.14
144693.75
143053.38
141388.72
139702.9
138002.93
136295.17
134584.05
132872.09
131160.4
129449.24
127738.3
126026.87
124313.88
122597.88
120876.93
119148.44
117409.01
115654.12
113877.86
112072.57
110228.58
108334.6
106379.95
104361.81
102292.86
100190.47
98070.919
95947.906
93833.232
91738.769
89679.839
87680.453
85780.969
84048.083
82584.793
81532.971
81051.496
81237.449
81935.193
82343.679
80269.847
71507.723
52369.473
25494.217
4567.739
