0
7193.0346
3418.8783
1309546.4
0
0
136.11121
169.09883
446.26567
0
0
-0.075661963
-3.017177
-3.6004211
0
0
136.11121
169.09883
446.26567
0
0
897.73013
890.64
887.90169
0
0
136.11121
169.09883
446.26567
0
0
214.99869
88.967708
236.18761
0
0
199.76944
103.21212
309.56781
0
0
187.37264
102.18249
333.86024
0
0
1.1194029
2.4376562
3.5536027
4.7928753
5.9159852
7.0866154
8.2000394
9.3242591
10.411816
11.503914
12.559697
13.622255
14.654548
15.68418
16.696398
17.698436
18.688652
19.66811
20.637382
21.596883
22.547315
23.489214
24.423101
25.349607
26.269284
27.182713
28.090482
28.99318
29.891401
30.785747
31.676829
32.565267
33.451687
34.336735
35.221059
36.105338
36.990243
37.876503
38.764819
39.655942
40.550706
41.449793
42.35415
43.264656
44.182095
45.107554
46.041991
46.98643
47.942033
48.909952
49.891449
50.887855
51.900593
52.931182
53.98126
55.052572
56.147035
57.266657
58.413744
59.590566
60.800035
62.044604
63.32813
64.653201
66.014266
67.41176
68.851684
70.337433
71.874404
73.467962
75.124394
76.850753
78.654877
80.546081
82.534717
84.632877
86.854693
89.216634
91.738245
94.442687
97.357915
100.51812
103.96457
107.75032
111.93932
116.62046
121.89552
127.93353
134.89597
143.16749
152.97655
165.37806
180.43475
202.0817
229.47335
280.85436
352.4616
665.13952
0
0
696.25412
696.14676
696.97071
696.92924
697.53514
697.7158
698.11939
698.41843
698.73442
699.05574
699.36992
699.64564
699.97006
700.23837
700.52945
700.80211
701.07184
701.33413
701.59023
701.84013
702.0832
702.32009
702.55073
702.77497
702.993
703.20484
703.41053
703.61013
703.80368
703.99125
704.17289
704.34865
704.51859
704.68277
704.84123
704.99406
705.14127
705.28293
705.41917
705.54982
705.67519
705.79533
705.90986
706.01935
706.12371
706.22269
706.31664
706.40551
706.48927
706.56801
706.64172
706.71044
706.77417
706.83293
706.88673
706.93555
706.97944
707.01827
707.05222
707.08097
707.1049
707.12345
707.13702
707.17012
707.2473
707.36226
707.50729
707.67858
707.87142
708.08277
708.30971
708.55044
708.80296
709.06586
709.33839
709.6195
709.90867
710.20548
710.50982
710.82164
711.14067
711.46777
711.80244
712.14649
712.49761
712.86292
713.23018
713.62663
714.00194
714.45832
714.84992
715.64665
716.20236
717.49518
718.42906
720.75024
719.4914
1280.4216
0
0
23.303496
63.206794
77.669569
115.10992
119.52819
177.54442
142.13894
316.44699
0
0
19.352534
62.205441
71.818038
111.5898
108.27635
170.01228
117.97371
297.17592
0
0
0.10038537
0.10090649
0.10077482
0.10065683
0.10062313
0.10082361
0.10092404
0.10044424
0
0
0.10190916
0.10382132
0.10308867
0.10247514
0.10210657
0.10250949
0.10373197
0.10064289
0
0
0.10343525
0.10674692
0.1054231
0.10432105
0.10394416
0.10495648
0.10756135
0.10008466
0
0
1.4580409
2.9141595
3.5675658
4.2150352
4.4357005
4.644704
4.6827262
4.7131791
4.6905385
4.6650214
4.6264015
4.5871312
4.5453498
4.5036224
4.4616692
4.4199396
4.3783987
4.3371146
4.2960835
4.2553144
4.2148068
4.1745616
4.1345786
4.0948577
4.0553986
4.016201
3.9772646
3.9385892
3.9001743
3.8620196
3.8241248
3.7864894
3.749113
3.7119952
3.6751356
3.6385336
3.6021888
3.5661007
3.5302688
3.4946925
3.4593713
3.4243045
3.3894917
3.3549323
3.3206256
3.2865712
3.2527691
3.2192189
3.1859264
3.1528924
3.120159
3.0877363
3.0558766
3.0246405
2.9953
2.9681649
2.9485264
2.9377251
2.9531985
2.9997594
3.1200123
3.3278329
3.6918679
4.2431521
4.6403786
4.8464689
4.9734636
5.0083696
5.0131585
4.9854477
4.949023
4.9039167
4.8569819
4.8083871
4.7596992
4.7109848
4.6625516
4.6144477
4.566815
4.519863
4.4742018
4.4309338
4.3933685
4.366524
4.3654656
4.40974
4.5527916
4.8628727
5.4661188
6.6053888
8.3473411
10.699152
10.666919
13.255818
10.998855
14.561749
8.8591076
3.4004247
0
0
1.176502
2.3621133
3.5033369
4.6539371
5.7617392
6.8786555
7.9547397
9.0392496
10.08517
11.138514
12.155683
13.179632
14.171047
15.167562
16.135236
17.106371
18.052284
19.000159
19.926264
20.853041
21.761268
22.669139
23.561412
24.452583
25.330829
26.207516
27.07368
27.938107
28.794168
29.648571
30.496554
31.34319
32.185178
33.02634
33.864494
34.702526
35.539098
36.376417
37.213773
38.052894
38.893536
39.737103
40.583696
41.434516
42.289922
43.151003
44.018323
44.892927
45.775549
46.667244
47.568904
48.481639
49.406496
50.344682
51.29741
52.266026
53.251933
54.256656
55.281829
56.329204
57.400697
58.498349
59.624428
60.781337
61.961926
63.16656
64.398951
65.661569
66.957182
68.290232
69.662657
71.08142
72.547102
74.070659
75.649758
77.302488
79.019944
80.833932
82.720673
84.739841
86.83376
89.121569
91.466915
94.122087
96.762867
99.95488
102.90799
106.96607
110.12657
115.78812
118.59825
127.7568
127.85985
146.24429
134.74733
183.70013
122.69052
305.11134
0
0
1.176502
2.3621133
3.5033369
4.6539371
5.7617392
6.8786555
7.9547397
9.0392496
10.08517
11.138514
12.155683
13.179632
14.171047
15.167562
16.135236
17.106371
18.052284
19.000159
19.926264
20.853041
21.761268
22.669139
23.561412
24.452583
25.330829
26.207516
27.07368
27.938107
28.794168
29.648571
30.496554
31.34319
32.185178
33.02634
33.864494
34.702526
35.539098
36.376417
37.213773
38.052894
38.893536
39.737103
40.583696
41.434516
42.289922
43.151003
44.018323
44.892927
45.775549
46.667244
47.568904
48.481639
49.406496
50.344682
51.29741
52.266026
53.251933
54.256656
55.281829
56.329204
57.400697
58.498349
59.624428
60.781337
61.961926
63.16656
64.398951
65.661569
66.957182
68.290232
69.662657
71.08142
72.547102
74.070659
75.649758
77.302488
79.019944
80.833932
82.720673
84.739841
86.83376
89.121569
91.466915
94.122087
96.762867
99.95488
102.90799
106.96607
110.12657
115.78812
118.59825
127.7568
127.85985
146.24429
134.74733
183.70013
122.69052
305.11134
0
0
1.176502
2.3621133
3.5033369
4.6539371
5.7617392
6.8786555
7.9547397
9.0392496
10.08517
11.138514
12.155683
13.179632
14.171047
15.167562
16.135236
17.106371
18.052284
19.000159
19.926264
20.853041
21.761268
22.669139
23.561412
24.452583
25.330829
26.207516
27.07368
27.938107
28.794168
29.648571
30.496554
31.34319
32.185178
33.02634
33.864494
34.702526
35.539098
36.376417
37.213773
38.052894
38.893536
39.737103
40.583696
41.434516
42.289922
43.151003
44.018323
44.892927
45.775549
46.667244
47.568904
48.481639
49.406496
50.344682
51.29741
52.266026
53.251933
54.256656
55.281829
56.329204
57.400697
58.498349
59.624428
60.781337
61.961926
63.16656
64.398951
65.661569
66.957182
68.290232
69.662657
71.08142
72.547102
74.070659
75.649758
77.302488
79.019944
80.833932
82.720673
84.739841
86.83376
89.121569
91.466915
94.122087
96.762867
99.95488
102.90799
106.96607
110.12657
115.78812
118.59825
127.7568
127.85985
146.24429
134.74733
183.70013
122.69052
305.11134
0
0
1.176502
2.3621133
3.5033369
4.6539371
5.7617392
6.8786555
7.9547397
9.0392496
10.08517
11.138514
12.155683
13.179632
14.171047
15.167562
16.135236
17.106371
18.052284
19.000159
19.926264
20.853041
21.761268
22.669139
23.561412
24.452583
25.330829
26.207516
27.07368
27.938107
28.794168
29.648571
30.496554
31.34319
32.185178
33.02634
33.864494
34.702526
35.539098
36.376417
37.213773
38.052894
38.893536
39.737103
40.583696
41.434516
42.289922
43.151003
44.018323
44.892927
45.775549
46.667244
47.568904
48.481639
49.406496
50.344682
51.29741
52.266026
53.251933
54.256656
55.281829
56.329204
57.400697
58.498349
59.624428
60.781337
61.961926
63.16656
64.398951
65.661569
66.957182
68.290232
69.662657
71.08142
72.547102
74.070659
75.649758
77.302488
79.019944
80.833932
82.720673
84.739841
86.83376
89.121569
91.466915
94.122087
96.762867
99.95488
102.90799
106.96607
110.12657
115.78812
118.59825
127.7568
127.85985
146.24429
134.74733
183.70013
122.69052
305.11134
0
0
1.176502
2.3621133
3.5033369
4.6539371
5.7617392
6.8786555
7.9547397
9.0392496
10.08517
11.138514
12.155683
13.179632
14.171047
15.167562
16.135236
17.106371
18.052284
19.000159
19.926264
20.853041
21.761268
22.669139
23.561412
24.452583
25.330829
26.207516
27.07368
27.938107
28.794168
29.648571
30.496554
31.34319
32.185178
33.02634
33.864494
34.702526
35.539098
36.376417
37.213773
38.052894
38.893536
39.737103
40.583696
41.434516
42.289922
43.151003
44.018323
44.892927
45.775549
46.667244
47.568904
48.481639
49.406496
50.344682
51.29741
52.266026
53.251933
54.256656
55.281829
56.329204
57.400697
58.498349
59.624428
60.781337
61.961926
63.16656
64.398951
65.661569
66.957182
68.290232
69.662657
71.08142
72.547102
74.070659
75.649758
77.302488
79.019944
80.833932
82.720673
84.739841
86.83376
89.121569
91.466915
94.122087
96.762867
99.95488
102.90799
106.96607
110.12657
115.78812
118.59825
127.7568
127.85985
146.24429
134.74733
183.70013
122.69052
305.11134
0
0
1.176502
2.3621133
3.5033369
4.6539371
5.7617392
6.8786555
7.9547397
9.0392496
10.08517
11.138514
12.155683
13.179632
14.171047
15.167562
16.135236
17.106371
18.052284
19.000159
19.926264
20.853041
21.761268
22.669139
23.561412
24.452583
25.330829
26.207516
27.07368
27.938107
28.794168
29.648571
30.496554
31.34319
32.185178
33.02634
33.864494
34.702526
35.539098
36.376417
37.213773
38.052894
38.893536
39.737103
40.583696
41.434516
42.289922
43.151003
44.018323
44.892927
45.775549
46.667244
47.568904
48.481639
49.406496
50.344682
51.29741
52.266026
53.251933
54.256656
55.281829
56.329204
57.400697
58.498349
59.624428
60.781337
61.961926
63.16656
64.398951
65.661569
66.957182
68.290232
69.662657
71.08142
72.547102
74.070659
75.649758
77.302488
79.019944
80.833932
82.720673
84.739841
86.83376
89.121569
91.466915
94.122087
96.762867
99.95488
102.90799
106.96607
110.12657
115.78812
118.59825
127.7568
127.85985
146.24429
134.74733
183.70013
122.69052
305.11134
0
0
1.176502
2.3621133
3.5033369
4.6539371
5.7617392
6.8786555
7.9547397
9.0392496
10.08517
11.138514
12.155683
13.179632
14.171047
15.167562
16.135236
17.106371
18.052284
19.000159
19.926264
20.853041
21.761268
22.669139
23.561412
24.452583
25.330829
26.207516
27.07368
27.938107
28.794168
29.648571
30.496554
31.34319
32.185178
33.02634
33.864494
34.702526
35.539098
36.376417
37.213773
38.052894
38.893536
39.737103
40.583696
41.434516
42.289922
43.151003
44.018323
44.892927
45.775549
46.667244
47.568904
48.481639
49.406496
50.344682
51.29741
52.266026
53.251933
54.256656
55.281829
56.329204
57.400697
58.498349
59.624428
60.781337
61.961926
63.16656
64.398951
65.661569
66.957182
68.290232
69.662657
71.08142
72.547102
74.070659
75.649758
77.302488
79.019944
80.833932
82.720673
84.739841
86.83376
89.121569
91.466915
94.122087
96.762867
99.95488
102.90799
106.96607
110.12657
115.78812
118.59825
127.7568
127.85985
146.24429
134.74733
183.70013
122.69052
305.11134
0
0
1.176502
2.3621133
3.5033369
4.6539371
5.7617392
6.8786555
7.9547397
9.0392496
10.08517
11.138514
12.155683
13.179632
14.171047
15.167562
16.135236
17.106371
18.052284
19.000159
19.926264
20.853041
21.761268
22.669139
23.561412
24.452583
25.330829
26.207516
27.07368
27.938107
28.794168
29.648571
30.496554
31.34319
32.185178
33.02634
33.864494
34.702526
35.539098
36.376417
37.213773
38.052894
38.893536
39.737103
40.583696
41.434516
42.289922
43.151003
44.018323
44.892927
45.775549
46.667244
47.568904
48.481639
49.406496
50.344682
51.29741
52.266026
53.251933
54.256656
55.281829
56.329204
57.400697
58.498349
59.624428
60.781337
61.961926
63.16656
64.398951
65.661569
66.957182
68.290232
69.662657
71.08142
72.547102
74.070659
75.649758
77.302488
79.019944
80.833932
82.720673
84.739841
86.83376
89.121569
91.466915
94.122087
96.762867
99.95488
102.90799
106.96607
110.12657
115.78812
118.59825
127.7568
127.85985
146.24429
134.74733
183.70013
122.69052
305.11134
0
0
1.0469152
2.1071956
3.150416
4.2069501
5.2475357
6.3009403
7.3399201
8.3908262
9.4291994
10.478256
11.516996
12.564873
13.604932
14.654426
15.697748
16.750725
17.7992
18.833352
19.847019
20.847232
21.8291
22.798416
23.751417
24.69281
25.619801
26.536175
27.439948
28.334143
29.217437
30.092241
30.957755
31.815913
32.666321
33.510553
34.348525
35.181543
36.009759
36.83429
37.655466
38.474277
39.291187
40.107109
40.922615
41.738579
42.55566
43.374729
44.196524
45.021937
45.851784
46.687004
47.528497
48.37727
49.234317
50.100744
50.977649
51.866267
52.767821
53.683715
54.615315
55.564246
56.532041
57.520619
58.531697
59.567597
60.630225
61.722474
62.846412
64.005768
65.202678
66.442155
67.726144
69.06174
70.450087
71.901838
73.415956
75.00952
76.676231
78.44149
80.270727
82.231029
84.258107
86.476397
88.742899
91.316302
93.86272
96.957826
99.796036
103.73671
106.75514
112.2666
114.90295
123.87221
123.92184
142.09728
130.88201
179.09095
119.55523
298.80809
0
0
1.300451
2.5861668
3.8198417
5.0413312
6.2145106
7.3773217
8.4957425
9.6049763
10.673876
11.73423
12.75839
13.775325
14.760072
15.738302
16.688236
17.632228
18.551646
19.465632
20.358552
21.246537
22.116725
22.982506
23.833506
24.680687
25.515853
26.347863
27.170388
27.990506
28.803451
29.614828
30.421152
31.226835
32.029427
32.832391
33.634095
34.43727
35.240921
36.047223
36.855678
37.66805
38.48422
39.305665
40.132559
40.966188
41.806954
42.65603
43.514006
44.382005
45.260776
46.151449
47.054919
47.972367
48.904837
49.85361
50.819884
51.805086
52.810589
53.838023
54.88896
55.965302
57.068852
58.201875
59.366441
60.565306
61.800842
63.076483
64.394924
65.760565
67.176399
68.648263
70.179313
71.777622
73.446119
75.196536
77.03061
78.966411
81.002191
83.167655
85.452205
87.852362
90.271092
92.853804
95.457282
98.335454
101.17705
104.52884
107.6367
111.79466
115.07742
120.7753
123.6915
132.84125
133.17333
151.6623
140.47906
190.00021
128.39567
315.79522
0
0
1.5280689
3.0555182
4.5741062
6.0923368
7.6022595
9.1121447
10.614476
12.117138
13.613167
15.109953
16.601167
18.093633
19.581703
21.07161
22.558387
24.0477
25.535216
27.026106
28.516582
30.011435
31.507294
33.008728
34.512607
36.02349
37.538263
39.061744
40.590544
42.130096
43.676342
45.23581
46.803235
48.386915
49.979591
51.592329
53.214685
54.862021
56.503777
58.114492
59.716958
61.295999
62.866065
64.418646
65.96289
67.494474
69.019293
70.535581
72.047319
73.554266
75.059332
76.563182
78.068169
79.575512
81.087323
82.605182
84.131154
85.667096
87.21515
88.777431
90.356245
91.953985
93.573202
95.21662
96.88711
98.58781
100.322
102.09335
103.90563
105.76325
107.67057
109.63299
111.65555
113.7451
115.90737
118.15146
120.48349
122.91639
125.45566
128.1213
130.91509
133.87152
136.97995
140.30718
143.80602
147.62154
151.57793
156.01953
160.47867
165.88171
170.81903
177.94241
182.86415
193.7939
196.22135
217.9033
206.66888
267.08848
189.17851
434.93245
0
0
4.8514752
9.725769
14.550778
19.400087
24.207207
29.038163
33.835655
38.655287
43.451062
48.266909
53.068608
57.88874
62.703909
67.53688
72.373195
77.22799
82.093493
86.979504
91.88281
96.809875
101.76034
106.73886
111.74674
116.78786
121.86441
126.98022
132.13792
137.34178
142.59446
147.90131
153.26441
158.69128
164.18202
169.74881
175.38612
181.11711
186.87089
192.5324
198.14998
203.70815
209.21502
214.67025
220.07619
225.43426
230.74607
236.01307
241.23668
246.41827
251.55915
256.66056
261.72374
266.74983
271.73999
276.6953
281.61682
286.5056
291.36264
296.18892
300.9854
305.75302
310.49272
315.20539
319.89196
324.55329
329.1903
333.80386
338.39487
342.9642
347.51276
352.04145
356.55121
361.04296
365.51768
369.97635
374.42
378.84969
383.26653
387.67168
392.06637
396.45185
400.82959
405.20084
409.56763
413.93051
418.22813
422.38796
426.35038
430.13472
433.60334
437.02616
439.6493
443.3137
443.25697
451.59402
437.20645
480.4053
375.76681
669.73816
0
0
99.463303
206.92773
296.90613
360.92236
399.89187
418.81185
423.70995
420.11954
412.43738
403.76213
395.99182
390.05289
386.17683
384.16641
383.61546
384.06654
385.10761
386.41817
387.77984
389.06555
390.21889
391.23136
392.12225
392.92322
393.66779
394.38534
395.09841
395.82233
396.5661
397.33392
398.1267
398.94353
399.78264
400.64217
401.52054
402.41668
403.33005
404.26055
405.20846
406.17435
407.15892
408.16301
409.1875
410.23329
411.3013
412.39247
413.50775
414.64811
415.81459
417.00824
418.2302
419.48167
420.76392
422.07833
423.42636
424.80957
426.22965
427.6884
429.18776
430.72984
432.31689
433.95136
435.63591
437.37343
439.16706
441.02023
442.93672
444.92066
446.97663
449.10967
451.32542
453.63014
456.03089
458.5356
461.15331
463.89432
466.77051
469.7957
472.98609
476.36092
479.94333
483.7615
487.85029
492.25344
497.02667
502.24196
507.99344
514.40538
521.64278
529.92481
539.54095
550.86786
564.38221
580.65855
600.33023
623.97354
651.84772
683.22506
0
0
98.972233
205.73653
294.86798
357.93914
395.9194
413.87179
417.89583
413.58998
405.39651
396.43237
388.58619
382.75257
379.1175
377.43354
377.24704
378.06084
379.4333
381.02494
382.60811
384.05454
385.31276
386.38345
387.29755
388.09919
388.8339
389.54155
390.25283
390.98849
391.76012
392.57182
393.42233
394.30707
395.21993
396.15479
397.10653
398.07161
399.04827
400.03644
401.03733
402.05296
403.08571
404.13783
405.21125
406.30737
407.42715
408.57117
409.73985
410.93363
412.15307
413.39898
414.67239
415.97458
417.30698
418.67112
420.06862
421.50113
422.97036
424.47808
426.02618
427.61671
429.25188
430.93412
432.66606
434.45061
436.29092
438.19042
440.15288
442.18243
444.28361
446.46147
448.72161
451.07026
453.51447
456.06215
458.72231
461.50525
464.42286
467.48898
470.71987
474.1349
477.7574
481.61593
485.74585
490.19173
495.01049
500.27582
506.08427
512.56338
519.88249
528.26633
538.0111
549.50106
563.22046
579.74936
599.72093
623.69914
651.90848
683.55062
0
0
28.588453
31.11336
34.267941
38.854317
43.537829
48.479763
54.018067
60.215174
66.935544
73.972692
81.130959
88.265033
95.289264
102.1695
108.90812
115.52895
122.06503
128.54988
135.01224
141.47347
147.94711
154.43973
160.95252
167.48318
174.02757
180.58107
187.13955
193.69992
200.2603
206.82007
213.37965
219.94023
226.50355
233.07161
239.64652
246.23037
252.82517
259.43287
266.05538
272.6947
279.35301
286.03278
292.73705
299.46696
306.22177
313.00392
319.81989
326.67745
333.58427
340.54777
347.57545
354.67532
361.85622
369.12772
376.49918
383.97596
391.56241
399.27298
407.07201
414.93226
422.83803
430.78304
438.76715
446.79396
454.8693
463.00066
471.19716
479.47
487.83308
496.30394
504.90499
513.665
522.62089
531.8192
541.31557
551.16762
561.40882
572.18908
583.44456
595.08262
607.02158
619.19334
631.53676
643.9843
656.44027
668.74729
680.6388
691.68215
701.23607
708.48611
712.69364
713.90963
714.58474
722.79913
742.62921
741.77698
739.75519
737.11913
0
