1196.2499
1196.2499
1182.5
1171.5001
1171.5001
1196.2499
1196.2499
1182.5
1171.5001
1171.5001
1196.2499
1196.2499
1182.5
1171.5001
1171.5001
1196.2499
1196.2499
1182.5
1171.5001
1171.5001
1196.251
1196.251
1182.5013
1171.4993
1171.4993
1196.2499
1196.2499
1182.5
1171.5001
1171.5001
1196.2499
1196.2499
1182.5
1171.5001
1171.5001
1196.2499
1196.2499
1182.5
1171.5001
1171.5001
1196.25
1196.25
1182.5
1171.5
1171.5
848.11963
848.11963
846.89881
845.4408
843.93673
842.42373
840.90899
839.39392
837.87878
836.36364
834.84848
833.33333
831.81818
830.30303
828.78788
827.27273
825.75758
824.24242
822.72727
821.21212
819.69697
818.18182
816.66667
815.15152
813.63636
812.12121
810.60606
809.09091
807.57576
806.06061
804.54545
803.0303
801.51515
800
798.48485
796.9697
795.45455
793.93939
792.42424
790.90909
789.39394
787.87879
786.36364
784.84848
783.33333
781.81818
780.30303
778.78788
777.27273
775.75758
774.24242
772.72727
771.21212
769.69697
768.18182
766.66667
765.15152
763.63636
762.12121
760.60606
759.09091
757.57576
756.06061
754.54545
753.0303
751.51515
750
748.48485
746.9697
745.45455
743.93939
742.42424
740.90909
739.39394
737.87879
736.36364
734.84848
733.33333
731.81818
730.30303
728.78788
727.27273
725.75758
724.24242
722.72727
721.21212
719.69697
718.18182
716.66667
715.15152
713.63636
712.12121
710.60607
709.09097
707.5761
706.06252
704.5561
703.08961
701.84585
701.84585
847.86634
847.86634
846.84464
845.46472
843.98422
842.47818
840.96602
839.45245
837.93856
836.4246
834.91063
833.39664
831.88266
830.36867
828.85468
827.34069
825.82669
824.31269
822.7987
821.2847
819.77069
818.25669
816.74268
815.22867
813.71466
812.20065
810.68664
809.17262
807.6586
806.14458
804.63056
803.11653
801.60251
800.08848
798.57445
797.06042
795.54638
794.03235
792.51831
791.00427
789.49023
787.97618
786.46214
784.94809
783.43404
781.91998
780.40593
778.89185
777.3777
775.86313
774.34633
772.81763
771.22515
769.69643
768.1796
766.66499
765.15079
763.63667
762.12256
760.60845
759.09434
757.58022
756.06611
754.55199
753.03786
751.52371
750.00953
748.49515
746.97973
745.45865
743.90683
742.38592
740.87069
739.35651
737.84251
736.32855
734.81459
733.30064
731.78668
730.27272
728.75875
727.24479
725.73082
724.21685
722.70288
721.18891
719.67494
718.16096
716.64699
715.13301
713.61903
712.10504
710.59106
709.07728
707.5645
706.05639
704.56926
703.17144
702.11717
702.11717
833.28417
833.28417
816.66652
800
783.33333
766.66667
750
733.33346
716.71145
716.71145
833.33284
833.33284
816.66667
800
783.33333
766.66667
750
733.33333
716.66712
716.66712
833.33333
833.33333
816.66667
800
783.33333
766.66667
750
733.33333
716.66667
716.66667
833.33333
833.33333
816.66667
800.00001
783.33334
766.66668
750
733.33333
716.66667
716.66667
833.33334
833.33334
816.66669
800.00002
783.33336
766.66669
750
733.33333
716.66667
716.66667
848.4848
848.4848
846.9697
845.45455
843.93939
842.42424
840.90909
839.39394
837.87879
836.36364
834.84848
833.33333
831.81818
830.30303
828.78788
827.27273
825.75758
824.24242
822.72727
821.21212
819.69697
818.18182
816.66667
815.15152
813.63636
812.12121
810.60606
809.09091
807.57576
806.06061
804.54545
803.0303
801.51515
800
798.48485
796.9697
795.45455
793.93939
792.42424
790.90909
789.39394
787.87879
786.36364
784.84848
783.33333
781.81818
780.30303
778.78788
777.27273
775.75758
774.24242
772.72727
771.21212
769.69697
768.18182
766.66667
765.15152
763.63636
762.12121
760.60606
759.09091
757.57576
756.06061
754.54545
753.0303
751.51515
750
748.48485
746.9697
745.45455
743.93939
742.42424
740.90909
739.39394
737.87879
736.36364
734.84848
733.33333
731.81818
730.30303
728.78788
727.27273
725.75758
724.24242
722.72727
721.21212
719.69697
718.18182
716.66667
715.15152
713.63636
712.12121
710.60606
709.09091
707.57576
706.06061
704.54545
703.0303
701.51519
701.51519
