1198.4747
1203.0087
1188.4098
1176.7154
1204.689
1198.4747
1203.0087
1188.4098
1176.7154
1204.689
1198.4747
1203.0087
1188.4098
1176.7154
1204.689
1198.4747
1203.0087
1188.4098
1176.7154
1204.689
1281.7406
1284.0599
1260.1624
1266.2241
1174.9247
1198.4747
1203.0087
1188.4098
1176.7154
1204.689
1220.6174
1224.3044
1208.863
1196.5034
1203.6533
1220.2657
1223.9577
1208.5224
1196.168
1203.5054
1220.2656
1223.9576
1208.5221
1196.1677
1203.5052
819.42145
819.50169
818.52811
817.54145
816.55217
815.56221
814.57191
813.58137
812.59059
811.59959
810.60835
809.61688
808.62519
807.63327
806.64113
805.64876
804.65617
803.66337
802.67034
801.6771
800.68363
799.68996
798.69607
797.70197
796.70765
795.71313
794.7184
793.72346
792.72832
791.73297
790.73742
789.74167
788.74571
787.74956
786.75321
785.75667
784.75992
783.76299
782.76586
781.76855
780.77104
779.77334
778.77546
777.77739
776.77914
775.78071
774.78209
773.7833
772.78432
771.78517
770.78584
769.78634
768.78667
767.78682
766.78681
765.78662
764.78627
763.78575
762.78506
761.78421
760.7832
759.78203
758.7807
757.77921
756.77338
755.76249
754.75156
753.74058
752.72956
751.7185
750.70739
749.69624
748.68505
747.67382
746.66254
745.65123
744.63987
743.62848
742.61704
741.60557
740.59406
739.58251
738.57092
737.55929
736.54763
735.53593
734.52419
733.51242
732.50061
731.48877
730.47689
729.45823
728.41951
727.38111
726.34302
725.30529
724.26817
723.23304
722.20775
722.21372
882.62045
882.66298
881.67727
880.64626
879.57547
878.51321
877.43603
876.35978
875.2771
874.1807
873.09301
871.99983
870.89928
869.7936
868.68019
867.56057
866.43374
865.29985
864.15866
863.01007
861.85393
860.69012
859.51851
858.339
857.15147
855.95582
854.75193
853.53971
852.31906
851.08989
849.85209
848.60558
847.35026
846.08604
844.81283
843.53053
842.23905
840.93829
839.62816
838.30856
836.97938
835.64051
834.29186
832.93331
831.56472
830.18599
828.79699
827.39757
825.98758
824.56687
823.13519
821.6919
821.33013
819.86437
818.38754
816.89897
815.39834
813.8854
812.35987
810.82145
809.26982
807.70467
806.12561
804.53226
802.93199
801.326
799.70484
798.068
796.41499
794.74512
793.57947
791.87275
790.14791
788.40406
786.64036
784.85592
783.04977
781.2208
779.36774
777.48915
775.58338
773.64854
771.68239
769.68234
767.64531
765.56759
763.44478
761.27126
759.04056
756.74312
754.3695
751.91363
749.38978
746.71119
743.88464
740.72302
737.3918
732.9075
723.33431
725.82377
808.74749
809.61406
798.69579
787.74929
776.77888
765.78636
754.7513
743.62823
732.50215
732.62821
808.74988
809.61639
798.69561
787.7491
776.77869
765.78617
754.75111
743.62804
732.50019
732.62629
808.7499
809.61641
798.6956
787.7491
776.77869
765.78617
754.75111
743.62803
732.50017
732.62627
812.6932
812.81486
801.62915
790.41183
779.16957
767.90825
757.74726
747.00702
735.79171
735.79791
813.29521
813.30846
802.01384
790.70722
779.393
768.07465
757.90554
747.14017
735.92333
735.92429
819.44044
819.52065
818.53128
817.54168
816.55184
815.56176
814.57145
813.5809
812.59012
811.59911
810.60788
809.61641
808.62472
807.6328
806.64066
805.64829
804.65571
803.6629
802.66987
801.67663
800.68317
799.68949
798.6956
797.7015
796.70719
795.71267
794.71794
793.723
792.72786
791.73251
790.73696
789.74121
788.74525
787.7491
786.75275
785.75621
784.75947
783.76253
782.7654
781.76809
780.77058
779.77289
778.775
777.77694
776.77869
775.78025
774.78164
773.78284
772.78387
771.78472
770.78539
769.78589
768.78622
767.78637
766.78635
765.78617
764.78581
763.78529
762.78461
761.78376
760.78275
759.78158
758.78025
757.77876
756.77293
755.76204
754.75111
753.74013
752.72911
751.71805
750.70694
749.69579
748.6846
747.67337
746.6621
745.65078
744.63943
743.62803
742.6166
741.60513
740.59361
739.58206
738.57048
737.55885
736.54719
735.53549
734.52375
733.51198
732.50017
731.48833
730.47645
729.45779
728.41907
727.38067
726.34257
725.30477
724.26728
723.23009
722.1932
722.1992
819.44027
819.52048
818.53128
817.54168
816.55183
815.56175
814.57144
813.5809
812.59012
811.59911
810.60787
809.61641
808.62471
807.6328
806.64065
805.64829
804.6557
803.66289
802.66987
801.67662
800.68316
799.68949
798.6956
797.7015
796.70719
795.71266
794.71793
793.723
792.72785
791.73251
790.73695
789.7412
788.74525
787.7491
786.75275
785.7562
784.75946
783.76253
782.7654
781.76808
780.77058
779.77288
778.775
777.77693
776.77868
775.78025
774.78163
773.78284
772.78387
771.78471
770.78539
769.78589
768.78621
767.78637
766.78635
765.78616
764.78581
763.78529
762.78461
761.78376
760.78275
759.78158
758.78025
757.77876
756.77293
755.76204
754.75111
753.74013
752.72911
751.71805
750.70694
749.69579
748.6846
747.67337
746.66209
745.65078
744.63943
743.62803
742.6166
741.60512
740.59361
739.58206
738.57047
737.55885
736.54718
735.53548
734.52375
733.51197
732.50017
731.48832
730.47645
729.45779
728.41907
727.38066
726.34256
725.30477
724.26728
723.23009
722.19332
722.19932
819.44027
819.52048
818.53128
817.54168
816.55183
815.56175
814.57144
813.5809
812.59012
811.59911
810.60787
809.61641
808.62471
807.6328
806.64065
805.64829
804.6557
803.66289
802.66987
801.67662
800.68316
799.68949
798.6956
797.7015
796.70719
795.71266
794.71793
793.723
792.72785
791.73251
790.73695
789.7412
788.74525
787.7491
786.75275
785.7562
784.75946
783.76253
782.7654
781.76808
780.77058
779.77288
778.775
777.77693
776.77868
775.78025
774.78163
773.78284
772.78387
771.78471
770.78539
769.78589
768.78621
767.78637
766.78635
765.78616
764.78581
763.78529
762.78461
761.78376
760.78275
759.78158
758.78025
757.77876
756.77293
755.76204
754.75111
753.74013
752.72911
751.71805
750.70694
749.69579
748.6846
747.67337
746.66209
745.65078
744.63943
743.62803
742.6166
741.60512
740.59361
739.58206
738.57047
737.55885
736.54718
735.53548
734.52375
733.51197
732.50017
731.48832
730.47645
729.45779
728.41907
727.38066
726.34256
725.30477
724.26728
723.23009
722.19332
722.19932
819.44027
819.52048
818.53128
817.54168
816.55183
815.56175
814.57144
813.5809
812.59012
811.59911
810.60787
809.61641
808.62471
807.6328
806.64065
805.64829
804.6557
803.66289
802.66987
801.67662
800.68316
799.68949
798.6956
797.7015
796.70719
795.71266
794.71793
793.723
792.72785
791.73251
790.73695
789.7412
788.74525
787.7491
786.75275
785.7562
784.75946
783.76253
782.7654
781.76808
780.77058
779.77288
778.775
777.77693
776.77868
775.78025
774.78163
773.78284
772.78387
771.78471
770.78539
769.78589
768.78621
767.78637
766.78635
765.78616
764.78581
763.78529
762.78461
761.78376
760.78275
759.78158
758.78025
757.77876
756.77293
755.76204
754.75111
753.74013
752.72911
751.71805
750.70694
749.69579
748.6846
747.67337
746.66209
745.65078
744.63943
743.62803
742.6166
741.60512
740.59361
739.58206
738.57047
737.55885
736.54718
735.53548
734.52375
733.51197
732.50017
731.48832
730.47645
729.45779
728.41907
727.38066
726.34256
725.30477
724.26728
723.23009
722.19332
722.19932
819.44027
819.52048
818.53128
817.54168
816.55183
815.56175
814.57144
813.5809
812.59012
811.59911
810.60787
809.61641
808.62471
807.6328
806.64065
805.64829
804.6557
803.66289
802.66987
801.67662
800.68316
799.68949
798.6956
797.7015
796.70719
795.71266
794.71793
793.723
792.72785
791.73251
790.73695
789.7412
788.74525
787.7491
786.75275
785.7562
784.75946
783.76253
782.7654
781.76808
780.77058
779.77288
778.775
777.77693
776.77868
775.78025
774.78163
773.78284
772.78387
771.78471
770.78539
769.78589
768.78621
767.78637
766.78635
765.78616
764.78581
763.78529
762.78461
761.78376
760.78275
759.78158
758.78025
757.77876
756.77293
755.76204
754.75111
753.74013
752.72911
751.71805
750.70694
749.69579
748.6846
747.67337
746.66209
745.65078
744.63943
743.62803
742.6166
741.60512
740.59361
739.58206
738.57047
737.55885
736.54718
735.53548
734.52375
733.51197
732.50017
731.48832
730.47645
729.45779
728.41907
727.38066
726.34256
725.30477
724.26728
723.23009
722.19332
722.19932
819.44027
819.52048
818.53128
817.54168
816.55183
815.56175
814.57144
813.5809
812.59012
811.59911
810.60787
809.61641
808.62471
807.6328
806.64065
805.64829
804.6557
803.66289
802.66987
801.67662
800.68316
799.68949
798.6956
797.7015
796.70719
795.71266
794.71793
793.723
792.72785
791.73251
790.73695
789.7412
788.74525
787.7491
786.75275
785.7562
784.75946
783.76253
782.7654
781.76808
780.77058
779.77288
778.775
777.77693
776.77868
775.78025
774.78163
773.78284
772.78387
771.78471
770.78539
769.78589
768.78621
767.78637
766.78635
765.78616
764.78581
763.78529
762.78461
761.78376
760.78275
759.78158
758.78025
757.77876
756.77293
755.76204
754.75111
753.74013
752.72911
751.71805
750.70694
749.69579
748.6846
747.67337
746.66209
745.65078
744.63943
743.62803
742.6166
741.60512
740.59361
739.58206
738.57047
737.55885
736.54718
735.53548
734.52375
733.51197
732.50017
731.48832
730.47645
729.45779
728.41907
727.38066
726.34256
725.30477
724.26728
723.23009
722.19332
722.19932
819.44027
819.52048
818.53128
817.54168
816.55183
815.56175
814.57144
813.5809
812.59012
811.59911
810.60787
809.61641
808.62471
807.6328
806.64065
805.64829
804.6557
803.66289
802.66987
801.67662
800.68316
799.68949
798.6956
797.7015
796.70719
795.71266
794.71793
793.723
792.72785
791.73251
790.73695
789.7412
788.74525
787.7491
786.75275
785.7562
784.75946
783.76253
782.7654
781.76808
780.77058
779.77288
778.775
777.77693
776.77868
775.78025
774.78163
773.78284
772.78387
771.78471
770.78539
769.78589
768.78621
767.78637
766.78635
765.78616
764.78581
763.78529
762.78461
761.78376
760.78275
759.78158
758.78025
757.77876
756.77293
755.76204
754.75111
753.74013
752.72911
751.71805
750.70694
749.69579
748.6846
747.67337
746.66209
745.65078
744.63943
743.62803
742.6166
741.60512
740.59361
739.58206
738.57047
737.55885
736.54718
735.53548
734.52375
733.51197
732.50017
731.48832
730.47645
729.45779
728.41907
727.38066
726.34256
725.30477
724.26728
723.23009
722.19332
722.19932
819.44027
819.52048
818.53128
817.54168
816.55183
815.56175
814.57144
813.5809
812.59012
811.59911
810.60787
809.61641
808.62471
807.6328
806.64065
805.64829
804.6557
803.66289
802.66987
801.67662
800.68316
799.68949
798.6956
797.7015
796.70719
795.71266
794.71793
793.723
792.72785
791.73251
790.73695
789.7412
788.74525
787.7491
786.75275
785.7562
784.75946
783.76253
782.7654
781.76808
780.77058
779.77288
778.775
777.77693
776.77868
775.78025
774.78163
773.78284
772.78387
771.78471
770.78539
769.78589
768.78621
767.78637
766.78635
765.78616
764.78581
763.78529
762.78461
761.78376
760.78275
759.78158
758.78025
757.77876
756.77293
755.76204
754.75111
753.74013
752.72911
751.71805
750.70694
749.69579
748.6846
747.67337
746.66209
745.65078
744.63943
743.62803
742.6166
741.60512
740.59361
739.58206
738.57047
737.55885
736.54718
735.53548
734.52375
733.51197
732.50017
731.48832
730.47645
729.45779
728.41907
727.38066
726.34256
725.30477
724.26728
723.23009
722.19332
722.19932
819.44027
819.52048
818.53128
817.54168
816.55183
815.56175
814.57144
813.5809
812.59012
811.59911
810.60787
809.61641
808.62471
807.6328
806.64065
805.64829
804.6557
803.66289
802.66987
801.67662
800.68316
799.68949
798.6956
797.7015
796.70719
795.71266
794.71793
793.723
792.72785
791.73251
790.73695
789.7412
788.74525
787.7491
786.75275
785.7562
784.75946
783.76253
782.7654
781.76808
780.77058
779.77288
778.775
777.77693
776.77868
775.78025
774.78163
773.78284
772.78387
771.78471
770.78539
769.78589
768.78621
767.78637
766.78635
765.78616
764.78581
763.78529
762.78461
761.78376
760.78275
759.78158
758.78025
757.77876
756.77293
755.76204
754.75111
753.74013
752.72911
751.71805
750.70694
749.69579
748.6846
747.67337
746.66209
745.65078
744.63943
743.62803
742.6166
741.60512
740.59361
739.58206
738.57047
737.55885
736.54718
735.53548
734.52375
733.51197
732.50017
731.48832
730.47645
729.45779
728.41907
727.38066
726.34256
725.30477
724.26728
723.23009
722.19332
722.19932
795.46483
795.76743
795.01921
794.26712
793.51133
792.75186
791.98875
791.22204
790.45177
789.67797
788.90067
788.11991
787.33574
786.54817
785.75725
784.96301
784.16549
783.33488
782.47971
781.62218
780.76229
779.90009
779.03558
778.16881
777.2998
776.42856
775.55513
774.67953
773.80178
772.92192
772.03996
771.15593
770.26986
769.38176
768.49166
767.5996
766.70558
765.80963
764.91179
764.01206
763.11048
762.20706
761.30184
760.39483
759.48605
758.57554
757.6633
756.74937
755.83376
754.9165
753.99761
753.07711
752.15502
751.23137
750.30616
749.37944
748.4512
747.52149
746.59031
745.65769
744.72364
743.78819
742.85136
741.91316
740.97362
740.03275
739.09058
738.14712
737.20239
736.25641
735.30919
734.36077
733.41114
732.46034
731.50838
730.55527
729.60103
728.64271
727.66862
726.69379
725.71825
724.742
723.76505
722.78742
721.80911
720.83013
719.8505
718.87023
717.88932
716.90778
715.92564
714.94289
713.95954
712.97561
711.96492
710.92829
709.89216
708.85653
707.8215
707.81064
726.14833
734.11584
737.34958
740.55689
743.73699
746.8885
750.01001
753.1
756.15686
759.17895
762.16452
765.11173
768.01871
770.88348
773.704
776.47818
779.20382
781.87871
784.50055
787.067
789.57566
792.0241
794.40988
796.73047
798.98334
801.16596
803.27577
805.31025
807.26684
809.14305
810.93638
812.6444
814.26471
815.79498
817.23294
818.57641
819.82328
820.97158
822.0194
822.96498
823.80668
824.543
825.17258
825.69419
826.1068
826.4095
826.60157
826.68246
826.65178
826.50933
826.25505
825.88912
825.41188
824.82383
824.12565
823.31817
822.4024
821.37951
820.25082
819.0178
817.68204
816.24528
814.70938
813.0763
811.34812
809.527
807.61521
805.61507
803.52896
801.35935
799.10872
796.77961
794.37457
791.89619
789.34705
786.72974
784.04684
781.30092
778.49452
775.56303
772.44116
769.27928
766.0792
762.84269
759.5715
756.26732
752.9318
749.56655
746.17313
742.75303
739.30772
735.8386
732.34702
728.83429
725.26864
721.64995
718.01902
714.37663
710.6488
710.60311
1089.7673
1090.2727
1088.1664
1086.0592
1083.9515
1081.8432
1079.7344
1077.625
1075.5151
1073.4047
1071.2938
1069.1824
1067.0705
1064.9581
1062.8452
1060.7319
1058.6181
1056.5038
1054.3891
1052.274
1050.1584
1048.0425
1045.9262
1043.8094
1041.6924
1039.5749
1037.4572
1035.339
1033.2206
1031.1019
1028.9829
1026.8637
1024.7442
1022.6244
1020.5045
1018.3843
1016.2867
1014.2834
1012.2805
1010.2778
1008.2753
1006.2731
1004.2712
1002.2695
1000.2681
998.2669
996.26602
994.26543
992.26513
990.26513
988.26543
986.26603
984.26694
982.26816
980.2697
978.27156
976.27374
974.27626
972.2791
970.28228
968.2858
966.28966
964.29386
962.29841
960.30331
958.30857
956.31418
954.32014
952.32647
950.33315
948.3402
946.34762
944.3554
942.36354
940.37206
938.38094
936.3902
934.39982
932.40981
930.42018
928.43092
926.44202
924.4535
922.46535
920.51159
918.59126
916.67079
914.75018
912.82942
910.90849
908.98738
907.06608
905.14457
903.22285
901.3009
899.37872
897.45628
895.68394
893.98164
894.48042
