-68375.143
-208392.6
-180307.98
-157774.21
-1024541.8
-68375.143
-208392.6
-180307.98
-157774.21
-1024541.8
-68375.143
-208392.6
-180307.98
-157774.21
-1024541.8
-68375.143
-208392.6
-180307.98
-157774.21
-1024541.8
-3326740.5
-3407638.1
-3032135
-2515457.3
391495.25
-68375.143
-208392.6
-180307.98
-157774.21
-1024541.8
-760800.62
-878201.79
-816256.84
-767329.13
-991834.06
-749632.81
-867135.65
-805514.58
-756853.81
-987167.12
-749627.5
-867130.32
-805505.49
-756848.79
-987163.26
641641.38
639898.05
633759.61
622622.18
610535.12
598286.63
586029.48
573793.24
561583.6
549401.65
537247.57
525121.34
513022.96
500952.39
488909.59
476894.53
464907.17
452947.48
441015.42
429110.96
417234.06
405384.69
393562.81
381768.39
370001.39
358261.77
346549.51
334864.56
323206.9
311576.47
299973.26
288397.22
276848.33
265326.53
253831.81
242364.12
230923.42
219509.7
208122.9
196762.99
185429.94
174123.72
162844.28
151591.59
140365.63
129166.35
117993.72
106847.7
95728.259
84635.365
73568.981
62529.073
51515.607
40528.548
29567.861
18633.512
7725.4684
-3156.3054
-14011.843
-24841.178
-35644.345
-46421.377
-57172.308
-67897.172
-78507.958
-88989.585
-99447.758
-109882.48
-120293.78
-130681.64
-141046.09
-151387.13
-161704.77
-171999.02
-182269.89
-192517.4
-202741.54
-212942.34
-223119.79
-233273.92
-243404.72
-253512.21
-263596.4
-273657.3
-283694.92
-293709.27
-303700.36
-313668.19
-323612.78
-333534.14
-343432.28
-353167.14
-362463.44
-371743.52
-381003.63
-390223.23
-399288.45
-407565.43
-411524.49
-411647.8
-1353339.1
-1354402.9
-1354533.6
-1362207.6
-1371306.9
-1381217.6
-1390883.7
-1400587.2
-1410118.2
-1419289.5
-1428658
-1437870.7
-1446880.3
-1455743.4
-1464395.4
-1472874.2
-1481155.4
-1489243.1
-1497131.9
-1504819.2
-1512302.1
-1519577.7
-1526643.7
-1533497.4
-1540136.6
-1546559.1
-1552762.7
-1558745.5
-1564505.5
-1570040.9
-1575349.8
-1580430.5
-1585281.2
-1589900.3
-1594286
-1598436.7
-1602350.6
-1606026.2
-1609461.6
-1612655.1
-1615604.8
-1618309
-1620765.8
-1622973
-1624928.5
-1626630.2
-1628075.9
-1629263.3
-1630191.2
-1630864.2
-1631318.8
-1631763.2
-1122372.9
-1122158.8
-1121415.2
-1120344.8
-1118981.7
-1117328.5
-1115381.2
-1113134.8
-1110583.3
-1107720.4
-1104538.6
-1101031.2
-1097369.6
-1093582.4
-1089453.7
-1084976.1
-1080159.4
-1075090
-826334.85
-821467.26
-816082.77
-810263.41
-804011.25
-797312.36
-790148.4
-782497.46
-774334.74
-765631.63
-756355.47
-746468.14
-735925.01
-724673.87
-712652.86
-699786.55
-685986.31
-671137.65
-655109.33
-637705.73
-618736.73
-598085.95
-576074
-550866.36
-522629.8
-487372.96
-448345.7
-383664.33
-207801.84
-258880.41
542811.24
524093.93
393565.64
265332.23
140371.24
18639.039
-99442.309
-212934.57
-322729.6
-325350.17
543836.46
525121.12
393572.79
265336.35
140375.29
18643.022
-99438.393
-212933.11
-323594.89
-326216.52
543846.74
525131.43
393572.83
265336.39
140375.33
18643.062
-99438.353
-212933.08
-323603.57
-326225.21
-42028.341
-44735.777
-172801.09
-297549.2
-419141.48
-537719.83
-162659.07
-44111.11
-161857.22
-162018.48
-55431.721
-55726.961
-181320.89
-304055.42
-424035.46
-541344.31
-166009.91
-56822.129
-174256.93
-174277.14
649393.58
647651.62
635274.19
622923.96
610601.85
598307.82
586041.85
573803.89
561593.91
549411.88
537257.77
525131.53
513033.13
500962.54
488919.73
476904.65
464917.28
452957.57
441025.5
429121.02
417244.11
405394.72
393572.83
381778.39
370011.38
358271.75
346559.47
334874.51
323216.82
311586.39
299983.16
288407.11
276858.2
265336.39
253841.65
242373.94
230933.24
219519.49
208132.68
196772.76
185439.7
174133.46
162854.01
151601.31
140375.33
129176.03
118003.39
106857.36
95737.903
84644.995
73578.598
62538.676
51525.196
40538.123
29577.423
18643.061
7735.004
-3146.7831
-14002.334
-24831.682
-35634.862
-46411.908
-57162.852
-67887.728
-78498.528
-88980.168
-99438.354
-109873.09
-120284.4
-130672.27
-141036.73
-151377.79
-161695.44
-171989.71
-182260.59
-192508.11
-202732.27
-212933.08
-223110.54
-233264.68
-243395.5
-253503
-263587.2
-273648.12
-283685.75
-293700.11
-303691.21
-313659.05
-323603.66
-333525.03
-343423.18
-353158.09
-362454.58
-371735.66
-381001.25
-390251.29
-399485.69
-408704.39
-417906.55
-418030.54
