1188.75
1188.75
1175
1164
1164
1188.75
1188.75
1175
1164
1164
1188.75
1188.75
1175
1164
1164
1188.75
1188.75
1175
1164
1164
1188.5121
1188.5121
1174.7759
1163.7851
1163.7851
1188.75
1188.75
1175
1164
1164
1188.75
1188.75
1175.0002
1164.0002
1164.0002
1188.75
1188.75
1175.0002
1164.0002
1164.0002
1188.75
1188.75
1175
1164
1164
823.98976
823.98976
822.98028
821.97018
820.96008
819.94998
818.93988
817.92978
816.91967
815.90957
814.89947
813.88937
812.87927
811.86917
810.85907
809.84896
808.83886
807.82876
806.81866
805.80856
804.79846
803.78836
802.77825
801.76815
800.75805
799.74795
798.73785
797.72775
796.71765
795.70754
794.69744
793.68734
792.67724
791.66714
790.65704
789.64694
788.63683
787.62673
786.61663
785.60653
784.59643
783.58633
782.57623
781.56613
780.55602
779.54592
778.53582
777.52572
776.51562
775.50552
774.49542
773.48531
772.47521
771.46511
770.45501
769.44491
768.43481
767.42471
766.4146
765.4045
764.3944
763.3843
762.3742
761.3641
760.354
759.34389
758.33379
757.32369
756.31359
755.30349
754.29339
753.28329
752.27319
751.26308
750.25298
749.24288
748.23278
747.22268
746.21258
745.20248
744.19237
743.18227
742.17217
741.16207
740.15197
739.14187
738.13177
737.12167
736.11156
735.10146
734.09136
733.08126
732.07116
731.06106
730.05096
729.04085
728.03075
727.02065
726.0107
726.0107
839.81738
839.81738
838.67823
837.49637
836.30683
835.11623
833.92585
832.73593
831.54651
830.35761
829.16923
827.98137
826.79401
825.60717
824.42083
823.235
822.04968
820.86486
819.68053
818.49671
817.31338
816.13055
814.9482
813.76635
812.58498
811.4041
810.2237
809.04378
807.86434
806.68538
805.50689
804.32887
803.15133
801.97425
800.79763
799.62148
798.44578
797.27055
796.09577
794.92144
793.74757
792.57414
791.40116
790.22862
789.05653
787.88487
786.71365
785.54287
784.37251
783.20259
782.03309
780.86402
779.69537
778.52714
777.35933
776.19193
775.02495
773.85838
772.69221
771.52645
770.36109
769.19613
768.03157
766.86741
765.71224
764.56758
763.42309
762.27878
761.13464
759.99067
758.84687
757.70324
756.55978
755.41649
754.27337
753.13042
751.98763
750.84501
749.70255
748.56025
747.41812
746.27615
745.13434
743.9927
742.85121
741.70988
740.56871
739.4277
738.28684
737.14614
736.00559
734.87919
733.79454
732.70938
731.62374
730.53781
729.45269
728.37445
727.33702
727.33702
813.88902
813.88902
802.77798
791.66687
780.55575
769.44464
758.33353
747.22241
736.11116
736.11116
813.88889
813.88889
802.77778
791.66667
780.55556
769.44445
758.33334
747.22222
736.11111
736.11111
813.88889
813.88889
802.77778
791.66667
780.55556
769.44444
758.33333
747.22222
736.11111
736.11111
813.8903
813.8903
802.779
791.6677
780.55641
769.44512
758.33384
747.22258
736.11133
736.11133
813.89043
813.89043
802.77898
791.66754
780.55611
769.44469
758.33373
747.22256
736.11117
736.11117
823.9899
823.9899
822.9798
821.9697
820.9596
819.94949
818.93939
817.92929
816.91919
815.90909
814.89899
813.88889
812.87879
811.86869
810.85859
809.84848
808.83838
807.82828
806.81818
805.80808
804.79798
803.78788
802.77778
801.76768
800.75758
799.74747
798.73737
797.72727
796.71717
795.70707
794.69697
793.68687
792.67677
791.66667
790.65657
789.64646
788.63636
787.62626
786.61616
785.60606
784.59596
783.58586
782.57576
781.56566
780.55556
779.54545
778.53535
777.52525
776.51515
775.50505
774.49495
773.48485
772.47475
771.46465
770.45455
769.44444
768.43434
767.42424
766.41414
765.40404
764.39394
763.38384
762.37374
761.36364
760.35354
759.34343
758.33333
757.32323
756.31313
755.30303
754.29293
753.28283
752.27273
751.26263
750.25253
749.24242
748.23232
747.22222
746.21212
745.20202
744.19192
743.18182
742.17172
741.16162
740.15152
739.14141
738.13131
737.12121
736.11111
735.10101
734.09091
733.08081
732.07071
731.06061
730.05051
729.0404
728.0303
727.0202
726.0101
726.0101
823.98989
823.98989
822.97979
821.96969
820.95959
819.94949
818.93939
817.92929
816.91919
815.90909
814.89899
813.88889
812.87878
811.86868
810.85858
809.84848
808.83838
807.82828
806.81818
805.80808
804.79798
803.78788
802.77777
801.76767
800.75757
799.74747
798.73737
797.72727
796.71717
795.70707
794.69697
793.68687
792.67676
791.66666
790.65656
789.64646
788.63636
787.62626
786.61616
785.60606
784.59596
783.58586
782.57575
781.56565
780.55555
779.54545
778.53535
777.52525
776.51515
775.50505
774.49495
773.48485
772.47474
771.46464
770.45454
769.44444
768.43434
767.42424
766.41414
765.40404
764.39394
763.38384
762.37373
761.36363
760.35353
759.34343
758.33333
757.32323
756.31313
755.30303
754.29293
753.28282
752.27272
751.26262
750.25252
749.24242
748.23232
747.22222
746.21212
745.20202
744.19192
743.18181
742.17171
741.16161
740.15151
739.14141
738.13131
737.12121
736.11111
735.10101
734.09091
733.0808
732.0707
731.0606
730.0505
729.0404
728.0303
727.0202
726.01011
726.01011
823.98989
823.98989
822.97979
821.96969
820.95959
819.94949
818.93939
817.92929
816.91919
815.90909
814.89899
813.88889
812.87878
811.86868
810.85858
809.84848
808.83838
807.82828
806.81818
805.80808
804.79798
803.78788
802.77777
801.76767
800.75757
799.74747
798.73737
797.72727
796.71717
795.70707
794.69697
793.68687
792.67676
791.66666
790.65656
789.64646
788.63636
787.62626
786.61616
785.60606
784.59596
783.58586
782.57575
781.56565
780.55555
779.54545
778.53535
777.52525
776.51515
775.50505
774.49495
773.48485
772.47474
771.46464
770.45454
769.44444
768.43434
767.42424
766.41414
765.40404
764.39394
763.38384
762.37373
761.36363
760.35353
759.34343
758.33333
757.32323
756.31313
755.30303
754.29293
753.28282
752.27272
751.26262
750.25252
749.24242
748.23232
747.22222
746.21212
745.20202
744.19192
743.18181
742.17171
741.16161
740.15151
739.14141
738.13131
737.12121
736.11111
735.10101
734.09091
733.0808
732.0707
731.0606
730.0505
729.0404
728.0303
727.0202
726.01011
726.01011
823.98989
823.98989
822.97979
821.96969
820.95959
819.94949
818.93939
817.92929
816.91919
815.90909
814.89899
813.88889
812.87878
811.86868
810.85858
809.84848
808.83838
807.82828
806.81818
805.80808
804.79798
803.78788
802.77777
801.76767
800.75757
799.74747
798.73737
797.72727
796.71717
795.70707
794.69697
793.68687
792.67676
791.66666
790.65656
789.64646
788.63636
787.62626
786.61616
785.60606
784.59596
783.58586
782.57575
781.56565
780.55555
779.54545
778.53535
777.52525
776.51515
775.50505
774.49495
773.48485
772.47474
771.46464
770.45454
769.44444
768.43434
767.42424
766.41414
765.40404
764.39394
763.38384
762.37373
761.36363
760.35353
759.34343
758.33333
757.32323
756.31313
755.30303
754.29293
753.28282
752.27272
751.26262
750.25252
749.24242
748.23232
747.22222
746.21212
745.20202
744.19192
743.18181
742.17171
741.16161
740.15151
739.14141
738.13131
737.12121
736.11111
735.10101
734.09091
733.0808
732.0707
731.0606
730.0505
729.0404
728.0303
727.0202
726.01011
726.01011
823.98989
823.98989
822.97979
821.96969
820.95959
819.94949
818.93939
817.92929
816.91919
815.90909
814.89899
813.88889
812.87878
811.86868
810.85858
809.84848
808.83838
807.82828
806.81818
805.80808
804.79798
803.78788
802.77777
801.76767
800.75757
799.74747
798.73737
797.72727
796.71717
795.70707
794.69697
793.68687
792.67676
791.66666
790.65656
789.64646
788.63636
787.62626
786.61616
785.60606
784.59596
783.58586
782.57575
781.56565
780.55555
779.54545
778.53535
777.52525
776.51515
775.50505
774.49495
773.48485
772.47474
771.46464
770.45454
769.44444
768.43434
767.42424
766.41414
765.40404
764.39394
763.38384
762.37373
761.36363
760.35353
759.34343
758.33333
757.32323
756.31313
755.30303
754.29293
753.28282
752.27272
751.26262
750.25252
749.24242
748.23232
747.22222
746.21212
745.20202
744.19192
743.18181
742.17171
741.16161
740.15151
739.14141
738.13131
737.12121
736.11111
735.10101
734.09091
733.0808
732.0707
731.0606
730.0505
729.0404
728.0303
727.0202
726.01011
726.01011
823.98989
823.98989
822.97979
821.96969
820.95959
819.94949
818.93939
817.92929
816.91919
815.90909
814.89899
813.88889
812.87878
811.86868
810.85858
809.84848
808.83838
807.82828
806.81818
805.80808
804.79798
803.78788
802.77777
801.76767
800.75757
799.74747
798.73737
797.72727
796.71717
795.70707
794.69697
793.68687
792.67676
791.66666
790.65656
789.64646
788.63636
787.62626
786.61616
785.60606
784.59596
783.58586
782.57575
781.56565
780.55555
779.54545
778.53535
777.52525
776.51515
775.50505
774.49495
773.48485
772.47474
771.46464
770.45454
769.44444
768.43434
767.42424
766.41414
765.40404
764.39394
763.38384
762.37373
761.36363
760.35353
759.34343
758.33333
757.32323
756.31313
755.30303
754.29293
753.28282
752.27272
751.26262
750.25252
749.24242
748.23232
747.22222
746.21212
745.20202
744.19192
743.18181
742.17171
741.16161
740.15151
739.14141
738.13131
737.12121
736.11111
735.10101
734.09091
733.0808
732.0707
731.0606
730.0505
729.0404
728.0303
727.0202
726.01011
726.01011
823.98989
823.98989
822.97979
821.96969
820.95959
819.94949
818.93939
817.92929
816.91919
815.90909
814.89899
813.88889
812.87878
811.86868
810.85858
809.84848
808.83838
807.82828
806.81818
805.80808
804.79798
803.78788
802.77777
801.76767
800.75757
799.74747
798.73737
797.72727
796.71717
795.70707
794.69697
793.68687
792.67676
791.66666
790.65656
789.64646
788.63636
787.62626
786.61616
785.60606
784.59596
783.58586
782.57575
781.56565
780.55555
779.54545
778.53535
777.52525
776.51515
775.50505
774.49495
773.48485
772.47474
771.46464
770.45454
769.44444
768.43434
767.42424
766.41414
765.40404
764.39394
763.38384
762.37373
761.36363
760.35353
759.34343
758.33333
757.32323
756.31313
755.30303
754.29293
753.28282
752.27272
751.26262
750.25252
749.24242
748.23232
747.22222
746.21212
745.20202
744.19192
743.18181
742.17171
741.16161
740.15151
739.14141
738.13131
737.12121
736.11111
735.10101
734.09091
733.0808
732.0707
731.0606
730.0505
729.0404
728.0303
727.0202
726.01011
726.01011
823.98989
823.98989
822.97979
821.96969
820.95959
819.94949
818.93939
817.92929
816.91919
815.90909
814.89899
813.88889
812.87878
811.86868
810.85858
809.84848
808.83838
807.82828
806.81818
805.80808
804.79798
803.78788
802.77777
801.76767
800.75757
799.74747
798.73737
797.72727
796.71717
795.70707
794.69697
793.68687
792.67676
791.66666
790.65656
789.64646
788.63636
787.62626
786.61616
785.60606
784.59596
783.58586
782.57575
781.56565
780.55555
779.54545
778.53535
777.52525
776.51515
775.50505
774.49495
773.48485
772.47474
771.46464
770.45454
769.44444
768.43434
767.42424
766.41414
765.40404
764.39394
763.38384
762.37373
761.36363
760.35353
759.34343
758.33333
757.32323
756.31313
755.30303
754.29293
753.28282
752.27272
751.26262
750.25252
749.24242
748.23232
747.22222
746.21212
745.20202
744.19192
743.18181
742.17171
741.16161
740.15151
739.14141
738.13131
737.12121
736.11111
735.10101
734.09091
733.0808
732.0707
731.0606
730.0505
729.0404
728.0303
727.0202
726.01011
726.01011
823.98989
823.98989
822.97979
821.96969
820.95959
819.94949
818.93939
817.92929
816.91919
815.90909
814.89899
813.88889
812.87878
811.86868
810.85858
809.84848
808.83838
807.82828
806.81818
805.80808
804.79798
803.78788
802.77777
801.76767
800.75757
799.74747
798.73737
797.72727
796.71717
795.70707
794.69697
793.68687
792.67676
791.66666
790.65656
789.64646
788.63636
787.62626
786.61616
785.60606
784.59596
783.58586
782.57575
781.56565
780.55555
779.54545
778.53535
777.52525
776.51515
775.50505
774.49495
773.48485
772.47474
771.46464
770.45454
769.44444
768.43434
767.42424
766.41414
765.40404
764.39394
763.38384
762.37373
761.36363
760.35353
759.34343
758.33333
757.32323
756.31313
755.30303
754.29293
753.28282
752.27272
751.26262
750.25252
749.24242
748.23232
747.22222
746.21212
745.20202
744.19192
743.18181
742.17171
741.16161
740.15151
739.14141
738.13131
737.12121
736.11111
735.10101
734.09091
733.0808
732.0707
731.0606
730.0505
729.0404
728.0303
727.0202
726.01011
726.01011
808.98989
808.98989
807.97979
806.96969
805.95959
804.94949
803.93939
802.92929
801.91919
800.90909
799.89899
798.88889
797.87878
796.86868
795.85858
794.84848
793.83838
792.82828
791.81818
790.80808
789.79798
788.78788
787.77777
786.76767
785.75757
784.74747
783.73737
782.72727
781.71717
780.70707
779.69697
778.68687
777.67676
776.66666
775.65656
774.64646
773.63636
772.62626
771.61616
770.60606
769.59596
768.58586
767.57575
766.56565
765.55555
764.54545
763.53535
762.52525
761.51515
760.50505
759.49495
758.48485
757.47474
756.46464
755.45454
754.44444
753.43434
752.42424
751.41414
750.40404
749.39394
748.38384
747.37373
746.36363
745.35353
744.34343
743.33333
742.32323
741.31313
740.30303
739.29293
738.28282
737.27272
736.26262
735.25252
734.24242
733.23232
732.22222
731.21212
730.20202
729.19192
728.18181
727.17171
726.16161
725.15151
724.14141
723.13131
722.12121
721.11111
720.10101
719.09091
718.0808
717.0707
716.0606
715.0505
714.0404
713.0303
712.0202
711.01011
711.01011
1081.2121
1081.2121
1077.4242
1073.6364
1069.8485
1066.0606
1062.2727
1058.4848
1054.697
1050.9091
1047.1212
1043.3333
1039.5454
1035.7576
1031.9697
1028.1818
1024.3939
1020.606
1016.8182
1013.0303
1009.2424
1005.4545
1001.6667
997.87878
994.0909
990.30302
986.51514
982.72726
978.93938
975.1515
971.36363
967.57575
963.78787
959.99999
956.21211
952.42423
948.63635
944.84847
941.0606
937.27272
933.48484
929.69696
925.90908
922.1212
918.33332
914.54544
910.75757
906.96969
903.18181
899.39393
895.60605
891.81817
888.03029
884.24241
880.45454
876.66666
872.87878
869.0909
865.30302
861.51514
857.72726
853.93938
850.15151
846.36363
842.57575
838.78787
834.99999
831.21211
827.42423
823.63635
819.84848
816.0606
812.27272
808.48484
804.69696
800.90908
797.1212
793.33332
789.54545
785.75757
781.96969
778.18181
774.39393
770.60605
766.81817
763.03029
759.24242
755.45454
751.66666
747.87878
744.0909
740.30302
736.51514
732.72726
728.93939
725.15151
721.36363
717.57575
713.78789
713.78789
1083.0303
1083.0303
1081.0606
1079.0909
1077.1212
1075.1515
1073.1818
1071.2121
1069.2424
1067.2727
1065.303
1063.3333
1061.3636
1059.3939
1057.4242
1055.4545
1053.4848
1051.5151
1049.5454
1047.5758
1045.6061
1043.6364
1041.6667
1039.697
1037.7273
1035.7576
1033.7879
1031.8182
1029.8485
1027.8788
1025.9091
1023.9394
1021.9697
1020
1018.0303
1016.0606
1014.0909
1012.1212
1010.1515
1008.1818
1006.2121
1004.2424
1002.2727
1000.303
998.33333
996.36363
994.39393
992.42424
990.45454
988.48484
986.51515
984.54545
982.57575
980.60605
978.63636
976.66666
974.69696
972.72727
970.75757
968.78787
966.81818
964.84848
962.87878
960.90909
958.93939
956.96969
954.99999
953.0303
951.0606
949.0909
947.12121
945.15151
943.18181
941.21212
939.24242
937.27272
935.30302
933.33333
931.36363
929.39393
927.42424
925.45454
923.48484
921.51515
919.54545
917.57575
915.60606
913.63636
911.66666
909.69696
907.72727
905.75757
903.78787
901.81818
899.84848
897.87878
895.90909
893.93939
891.9697
891.9697
