6060.4111
6060.4111
5828.6006
5922.808
5610.6745
6060.4111
6060.4111
5828.6006
5922.808
5610.6745
6060.4111
6060.4111
5828.6006
5922.808
5610.6745
6060.4111
6060.4111
5828.6006
5922.808
5610.6745
-417176.66
-417176.66
-203005.47
-372230.47
5610.6745
6060.4111
6060.4111
5828.6006
5922.808
5610.6745
34985.628
18423.159
20287.34
18662.551
5610.6745
35363.74
18660.747
20528.888
18904.32
5715.8887
39425.442
22722.45
22519.659
22565.009
5715.8887
376.69856
376.69856
376.30948
375.92428
375.53884
375.15319
374.76731
374.38122
373.99491
373.60838
373.22163
372.83466
372.44747
372.06007
371.67244
371.2846
370.89654
370.50826
370.11976
369.73104
369.34211
368.95296
368.56359
368.174
367.78419
367.39416
367.00392
366.61346
366.22278
365.83188
365.44077
365.04943
364.65788
364.26611
363.87412
363.48192
363.0895
362.69686
362.304
361.91092
361.51763
361.12412
360.73039
360.33644
359.94228
359.54789
359.1533
358.75848
358.36345
357.9682
357.57273
357.17704
356.78114
356.38502
355.98868
355.59213
355.19536
354.79837
354.40116
354.00374
353.6061
353.20824
352.81017
352.41188
352.01337
351.61465
351.21571
350.81655
350.41718
350.01759
349.61778
349.21775
348.81751
348.41706
348.01638
347.61549
347.21439
346.81306
346.41152
346.00977
345.6078
345.20561
344.8032
344.40058
343.99774
343.59469
343.19142
342.78794
342.38424
341.98032
341.57618
341.17184
340.76727
340.36249
339.95749
339.55228
339.14685
338.74142
338.33085
338.31554
338.82226
338.82226
338.79694
338.81839
338.79514
338.80273
338.79351
338.79194
338.78742
338.78392
338.78014
338.77645
338.77275
338.76907
338.7654
338.76174
338.75809
338.75445
338.75081
338.74719
338.74357
338.73996
338.73635
338.73275
338.72915
338.72556
338.72197
338.71838
338.71479
338.71121
338.70763
338.70405
338.70047
338.69689
338.69331
338.68973
338.68614
338.68256
338.67897
338.67539
338.6718
338.6682
338.66461
338.66101
338.65741
338.6538
338.65019
338.64657
338.64295
338.63933
338.6357
338.63206
338.62842
338.62478
338.62113
338.61747
338.6138
338.61013
338.60646
338.60277
338.59908
338.59539
338.59168
338.58797
338.58426
338.58052
338.57676
338.57298
338.56919
338.56538
338.56154
338.55769
338.55382
338.54993
338.54602
338.54209
338.53814
338.53417
338.53018
338.52617
338.52215
338.5181
338.51404
338.50995
338.50584
338.50174
338.49754
338.49358
338.48881
338.48623
338.47791
338.48332
338.45838
338.49389
338.42178
338.51523
338.39831
338.47763
338.47939
338.31554
347.88912
347.88912
344.45509
345.71329
342.95887
343.27332
340.52763
341.76397
338.36924
338.31554
1296.7559
1296.7559
953.43846
1078.495
803.3921
833.97863
559.87666
682.7377
342.95562
338.31554
96183.429
96183.429
61851.77
74356.658
46846.711
49904.509
22494.778
34780.111
801.59525
338.31554
11244.267
11244.267
5686.5749
10776.613
1038.006
9032.0619
-2034.8657
5528.7761
-3306.5104
338.31554
5735.3638
5735.3638
2834.1418
5527.7478
350.39179
4709.4699
-1358.4063
2995.3786
-2110.3009
338.31554
53443.815
53443.815
52353.218
52053.487
51454.06
50931.469
50393.865
49858.49
49322.72
48786.89
48250.964
47714.945
47178.834
46642.629
46106.331
45569.94
45033.456
44496.879
43960.21
43423.447
42886.591
42349.643
41812.601
41275.467
40738.24
40200.92
39663.507
39126.001
38588.402
38050.711
37512.927
36975.05
36437.08
35899.017
35360.862
34822.614
34284.274
33745.84
33207.314
32668.696
32129.984
31591.18
31052.284
30513.295
29974.213
29435.039
28895.772
28356.412
27816.96
27277.416
26737.779
26198.05
25658.228
25118.313
24578.306
24038.207
23498.016
22957.731
22417.355
21876.886
21336.325
20795.671
20254.926
19714.087
19173.157
18632.134
18091.019
17549.812
17008.512
16467.12
15925.636
15384.06
14842.392
14300.631
13758.778
13216.833
12674.796
12132.667
11590.446
11048.132
10505.727
9963.2295
9420.64
8877.9583
8335.1847
7792.3191
7249.3614
6706.3118
6163.1702
5619.9367
5076.6109
4533.1965
3989.6564
3446.3287
2900.5626
2369.7847
1761.2061
1454.752
352.79365
338.31554
