505.32619
483.91065
463.85809
448.77529
20.590819
505.32619
483.91065
463.85809
448.77529
20.590819
505.32619
483.91065
463.85809
448.77529
20.590819
505.32619
483.91065
463.85809
448.77529
20.590819
-19540.848
-19752.796
-16919.024
-18034.123
4742.7604
505.32619
483.91065
463.85809
448.77529
20.590819
0
0
0
0
0
32.617601
29.88767
27.318724
25.376778
2.4775201
32.617601
29.88767
27.318724
25.376778
2.4775201
10.818589
10.667922
10.518711
10.370945
10.224612
10.079702
9.9362014
9.7941002
9.6533868
9.5140499
9.3760783
9.239461
9.1041869
8.9702451
8.8376246
8.7063147
8.5763047
8.4475837
8.3201413
8.1939667
8.0690497
7.9453797
7.8229465
7.7017396
7.581749
7.4629644
7.3453757
7.2289731
7.1137464
6.9996858
6.8867815
6.7750237
6.6644027
6.5549088
6.4465326
6.3392645
6.233095
6.1280148
6.0240145
5.9210849
5.8192168
5.7184011
5.6186286
5.5198904
5.4221775
5.325481
5.2297921
5.135102
5.041402
4.9486834
4.8569377
4.7661563
4.6763307
4.5874525
4.4995134
4.412505
4.3264192
4.2412476
4.1569822
4.0736149
3.9911377
3.9095426
3.8288217
3.7489672
3.6345226
3.4792244
3.3255502
3.1734856
3.0230162
2.8741275
2.7268053
2.5810355
2.4368041
2.2940971
2.1529007
2.0132011
1.8749846
1.7382378
1.6029472
1.4690995
1.3366813
1.2056795
1.076081
0.94787288
0.82104225
0.69557632
0.57146239
0.44868787
0.32724024
0.20710708
0.088276079
-0.088122684
-0.43825502
-0.78464042
-1.127314
-1.4663107
-1.8016651
-2.1334116
-2.4615843
-2.786217
-1847.7707
-1848.53
-1852.9433
-1858.3501
-1862.4821
-1867.2518
-1871.3195
-1875.4953
-1879.378
-1883.1132
-1886.7028
-1890.073
-1893.1228
-1895.9837
-1898.5017
-1900.7724
-1902.7356
-1904.4038
-1905.7646
-1906.8132
-1907.5436
-1907.9494
-1908.0258
-1907.7676
-1907.1695
-1906.2268
-1904.935
-1903.2895
-1901.2859
-1898.92
-1896.1876
-1893.0845
-1889.6065
-1885.7498
-1881.51
-1876.8833
-1871.8653
-1866.4521
-1860.6393
-1854.4226
-1847.7975
-1840.7596
-1833.3042
-1825.4262
-1817.1206
-1808.3824
-1799.2057
-1789.585
-1779.5142
-1768.9867
-1757.9961
-1746.535
-1734.5961
-1722.1711
-1709.2517
-1695.8288
-1681.8926
-1667.4329
-1652.4385
-1636.8976
-1620.7971
-1604.124
-1586.8622
-1568.9972
-1550.5135
-1531.4206
-1511.7314
-1491.4183
-1470.4614
-1448.8368
-1426.5208
-1403.488
-1379.7108
-1355.1599
-1329.8022
-1303.6017
-1276.5187
-1248.5077
-1219.518
-1189.4915
-1158.3625
-1126.0544
-1092.4785
-1057.5308
-1021.0898
-983.00521
-943.1069
-901.16276
-856.93199
-810.00793
-760.07303
-706.26893
-648.35444
-584.16454
-514.43028
-431.18886
-341.69388
-205.35417
-118.15303
-12.444289
10.818589
9.239461
7.8229465
6.5549088
5.4221775
4.412505
3.3255502
1.7382378
0.32724024
-2.786217
10.818589
9.239461
7.8229465
6.5549088
5.4221775
4.412505
3.3255502
1.7382378
0.32724024
-2.786217
10.818589
9.239461
7.8229465
6.5549088
5.4221775
4.412505
3.3255502
1.7382378
0.32724024
-2.786217
17.80019
17.087579
13.150384
9.9373513
7.3297242
5.2260434
3.3850101
0.75294129
-4.1753335
-4.2933625
14.159723
14.076803
10.84232
8.1894214
6.0225461
4.2612867
1.8585783
-1.4386207
-7.1132097
-7.144461
10.818589
10.667922
10.518711
10.370945
10.224612
10.079702
9.9362014
9.7941002
9.6533868
9.5140499
9.3760783
9.239461
9.1041869
8.9702451
8.8376246
8.7063147
8.5763047
8.4475837
8.3201413
8.1939667
8.0690497
7.9453797
7.8229465
7.7017396
7.581749
7.4629644
7.3453757
7.2289731
7.1137464
6.9996858
6.8867815
6.7750237
6.6644027
6.5549088
6.4465326
6.3392645
6.233095
6.1280148
6.0240145
5.9210849
5.8192168
5.7184011
5.6186286
5.5198904
5.4221775
5.325481
5.2297921
5.135102
5.041402
4.9486834
4.8569377
4.7661563
4.6763307
4.5874525
4.4995134
4.412505
4.3264192
4.2412476
4.1569822
4.0736149
3.9911377
3.9095426
3.8288217
3.7489672
3.6345226
3.4792244
3.3255502
3.1734856
3.0230162
2.8741275
2.7268053
2.5810355
2.4368041
2.2940971
2.1529007
2.0132011
1.8749846
1.7382378
1.6029472
1.4690995
1.3366813
1.2056795
1.076081
0.94787288
0.82104225
0.69557632
0.57146239
0.44868787
0.32724024
0.20710708
0.088276079
-0.088122684
-0.43825502
-0.78464042
-1.127314
-1.4663107
-1.8016651
-2.1334116
-2.4615843
-2.786217
