1168.6662
1158.7996
1146.9148
1137.4364
1078.1802
1168.6662
1158.7996
1146.9148
1137.4364
1078.1802
1168.6662
1158.7996
1146.9148
1137.4364
1078.1802
1168.6662
1158.7996
1146.9148
1137.4364
1078.1802
984.044
978.89129
987.56614
944.5239
1143.0942
1168.6662
1158.7996
1146.9148
1137.4364
1078.1802
1120.3859
1112.4269
1102.435
1094.4476
1080.3835
1121.1528
1113.182
1103.1758
1095.1762
1080.6981
1121.1528
1113.1819
1103.1758
1095.1761
1080.698
835.69694
835.5219
834.4134
833.31085
832.21014
831.11034
830.01128
828.91292
827.81525
826.71826
825.62196
824.52633
823.43138
822.3371
821.2435
820.15055
819.05827
817.96665
816.87569
815.78538
814.69572
813.6067
812.51833
811.43059
810.3435
809.25703
808.1712
807.08599
806.00141
804.91744
803.83409
802.75136
801.66923
800.58772
799.5068
798.42648
797.34676
796.26764
795.1891
794.11115
793.03379
791.957
790.88079
789.80515
788.73009
787.65559
786.58165
785.50827
784.43545
783.36318
782.29147
781.22029
780.14967
779.07958
778.01003
776.94101
775.87252
774.80456
773.73712
772.67021
771.60381
770.53792
769.47254
768.40767
767.35211
766.30736
765.26288
764.21866
763.1747
762.131
761.08755
760.04437
759.00144
757.95876
756.91634
755.87417
754.83225
753.79058
752.74916
751.70799
750.66706
749.62638
748.58594
747.54575
746.50579
745.46608
744.4266
743.38736
742.34836
741.3096
740.27106
739.24693
738.26508
737.28272
736.29986
735.31648
734.33247
733.34714
732.35683
732.34759
748.20916
748.11864
746.67108
745.15995
743.70133
742.21946
740.76938
739.31873
737.88329
736.4785
735.05702
733.64877
732.25778
730.87925
729.5187
728.17291
726.84397
725.53156
724.23616
722.95801
721.69738
720.45453
719.2297
718.02313
716.83504
715.66565
714.51517
713.3838
712.27175
711.17919
710.10632
709.05333
708.02041
707.00774
706.0155
705.04387
704.09306
703.16324
702.25462
701.36738
700.50174
699.65791
698.83611
698.03656
697.25951
696.5052
695.77389
695.06587
694.38142
693.72086
693.08456
692.47307
691.37762
690.81579
690.27945
689.76924
689.2857
688.82934
688.40072
688.00045
687.62917
687.28756
686.97643
686.69652
686.45845
686.26426
686.10248
685.97419
685.88031
685.82196
685.55275
685.56935
685.62493
685.72102
685.85931
686.04165
686.27006
686.5469
686.87479
687.25675
687.69624
688.19723
688.76441
689.40321
690.12007
690.9228
691.8206
692.82526
693.95038
695.21599
696.6419
698.28331
700.19386
702.42768
704.97056
708.21625
711.82156
717.87483
734.76072
729.53325
826.40828
824.52719
812.51806
800.58745
788.72982
776.94075
765.26261
753.79032
742.34701
742.11074
826.40695
824.52588
812.51787
800.58726
788.72963
776.94056
765.26243
753.79013
742.3479
742.11162
826.40694
824.52587
812.51787
800.58726
788.72963
776.94055
765.26242
753.79013
742.34791
742.11162
816.16938
815.91224
804.49239
793.15608
781.88889
770.67807
758.95936
747.50835
736.20733
736.19406
814.89722
814.86918
803.67717
792.52755
781.41073
770.31906
758.62281
747.19283
735.89357
735.89155
835.68808
835.51304
834.41119
833.31005
832.20961
831.10986
830.01081
828.91245
827.81478
826.7178
825.62149
824.52587
823.43092
822.33664
821.24303
820.15009
819.05781
817.96619
816.87523
815.78492
814.69525
813.60624
812.51787
811.43013
810.34304
809.25657
808.17074
807.08553
806.00095
804.91698
803.83363
802.7509
801.66877
800.58726
799.50634
798.42602
797.34631
796.26718
795.18864
794.11069
793.03333
791.95654
790.88033
789.80469
788.72963
787.65513
786.58119
785.50781
784.43499
783.36273
782.29101
781.21984
780.14921
779.07912
778.00957
776.94055
775.87207
774.80411
773.73667
772.66975
771.60335
770.53746
769.47209
768.40722
767.35165
766.30691
765.26242
764.2182
763.17424
762.13054
761.0871
760.04391
759.00098
757.95831
756.91589
755.87372
754.8318
753.79013
752.74871
751.70754
750.66661
749.62593
748.58549
747.5453
746.50534
745.46563
744.42615
743.38691
742.34791
741.30915
740.27061
739.24648
738.26463
737.28227
736.29942
735.31608
734.33225
733.34794
732.36316
732.35391
835.68815
835.51311
834.41119
833.31005
832.2096
831.10986
830.01081
828.91245
827.81478
826.71779
825.62149
824.52586
823.43092
822.33664
821.24303
820.15009
819.05781
817.96619
816.87522
815.78491
814.69525
813.60624
812.51786
811.43013
810.34303
809.25657
808.17074
807.08553
806.00094
804.91698
803.83363
802.7509
801.66877
800.58725
799.50634
798.42602
797.3463
796.26718
795.18864
794.11069
793.03332
791.95654
790.88033
789.80469
788.72962
787.65512
786.58119
785.50781
784.43499
783.36272
782.29101
781.21983
780.14921
779.07912
778.00957
776.94055
775.87206
774.8041
773.73667
772.66975
771.60335
770.53746
769.47208
768.40721
767.35165
766.3069
765.26242
764.2182
763.17424
762.13054
761.0871
760.04391
759.00098
757.95831
756.91588
755.87371
754.8318
753.79013
752.74871
751.70753
750.66661
749.62593
748.58549
747.54529
746.50534
745.46562
744.42615
743.38691
742.34791
741.30914
740.27061
739.24648
738.26463
737.28227
736.29942
735.31607
734.33225
733.34794
732.36311
732.35386
835.68815
835.51311
834.41119
833.31005
832.2096
831.10986
830.01081
828.91245
827.81478
826.71779
825.62149
824.52586
823.43092
822.33664
821.24303
820.15009
819.05781
817.96619
816.87522
815.78491
814.69525
813.60624
812.51786
811.43013
810.34303
809.25657
808.17074
807.08553
806.00094
804.91698
803.83363
802.7509
801.66877
800.58725
799.50634
798.42602
797.3463
796.26718
795.18864
794.11069
793.03332
791.95654
790.88033
789.80469
788.72962
787.65512
786.58119
785.50781
784.43499
783.36272
782.29101
781.21983
780.14921
779.07912
778.00957
776.94055
775.87206
774.8041
773.73667
772.66975
771.60335
770.53746
769.47208
768.40721
767.35165
766.3069
765.26242
764.2182
763.17424
762.13054
761.0871
760.04391
759.00098
757.95831
756.91588
755.87371
754.8318
753.79013
752.74871
751.70753
750.66661
749.62593
748.58549
747.54529
746.50534
745.46562
744.42615
743.38691
742.34791
741.30914
740.27061
739.24648
738.26463
737.28227
736.29942
735.31607
734.33225
733.34794
732.36311
732.35386
835.68815
835.51311
834.41119
833.31005
832.2096
831.10986
830.01081
828.91245
827.81478
826.71779
825.62149
824.52586
823.43092
822.33664
821.24303
820.15009
819.05781
817.96619
816.87522
815.78491
814.69525
813.60624
812.51786
811.43013
810.34303
809.25657
808.17074
807.08553
806.00094
804.91698
803.83363
802.7509
801.66877
800.58725
799.50634
798.42602
797.3463
796.26718
795.18864
794.11069
793.03332
791.95654
790.88033
789.80469
788.72962
787.65512
786.58119
785.50781
784.43499
783.36272
782.29101
781.21983
780.14921
779.07912
778.00957
776.94055
775.87206
774.8041
773.73667
772.66975
771.60335
770.53746
769.47208
768.40721
767.35165
766.3069
765.26242
764.2182
763.17424
762.13054
761.0871
760.04391
759.00098
757.95831
756.91588
755.87371
754.8318
753.79013
752.74871
751.70753
750.66661
749.62593
748.58549
747.54529
746.50534
745.46562
744.42615
743.38691
742.34791
741.30914
740.27061
739.24648
738.26463
737.28227
736.29942
735.31607
734.33225
733.34794
732.36311
732.35386
835.68815
835.51311
834.41119
833.31005
832.2096
831.10986
830.01081
828.91245
827.81478
826.71779
825.62149
824.52586
823.43092
822.33664
821.24303
820.15009
819.05781
817.96619
816.87522
815.78491
814.69525
813.60624
812.51786
811.43013
810.34303
809.25657
808.17074
807.08553
806.00094
804.91698
803.83363
802.7509
801.66877
800.58725
799.50634
798.42602
797.3463
796.26718
795.18864
794.11069
793.03332
791.95654
790.88033
789.80469
788.72962
787.65512
786.58119
785.50781
784.43499
783.36272
782.29101
781.21983
780.14921
779.07912
778.00957
776.94055
775.87206
774.8041
773.73667
772.66975
771.60335
770.53746
769.47208
768.40721
767.35165
766.3069
765.26242
764.2182
763.17424
762.13054
761.0871
760.04391
759.00098
757.95831
756.91588
755.87371
754.8318
753.79013
752.74871
751.70753
750.66661
749.62593
748.58549
747.54529
746.50534
745.46562
744.42615
743.38691
742.34791
741.30914
740.27061
739.24648
738.26463
737.28227
736.29942
735.31607
734.33225
733.34794
732.36311
732.35386
835.68815
835.51311
834.41119
833.31005
832.2096
831.10986
830.01081
828.91245
827.81478
826.71779
825.62149
824.52586
823.43092
822.33664
821.24303
820.15009
819.05781
817.96619
816.87522
815.78491
814.69525
813.60624
812.51786
811.43013
810.34303
809.25657
808.17074
807.08553
806.00094
804.91698
803.83363
802.7509
801.66877
800.58725
799.50634
798.42602
797.3463
796.26718
795.18864
794.11069
793.03332
791.95654
790.88033
789.80469
788.72962
787.65512
786.58119
785.50781
784.43499
783.36272
782.29101
781.21983
780.14921
779.07912
778.00957
776.94055
775.87206
774.8041
773.73667
772.66975
771.60335
770.53746
769.47208
768.40721
767.35165
766.3069
765.26242
764.2182
763.17424
762.13054
761.0871
760.04391
759.00098
757.95831
756.91588
755.87371
754.8318
753.79013
752.74871
751.70753
750.66661
749.62593
748.58549
747.54529
746.50534
745.46562
744.42615
743.38691
742.34791
741.30914
740.27061
739.24648
738.26463
737.28227
736.29942
735.31607
734.33225
733.34794
732.36311
732.35386
835.68815
835.51311
834.41119
833.31005
832.2096
831.10986
830.01081
828.91245
827.81478
826.71779
825.62149
824.52586
823.43092
822.33664
821.24303
820.15009
819.05781
817.96619
816.87522
815.78491
814.69525
813.60624
812.51786
811.43013
810.34303
809.25657
808.17074
807.08553
806.00094
804.91698
803.83363
802.7509
801.66877
800.58725
799.50634
798.42602
797.3463
796.26718
795.18864
794.11069
793.03332
791.95654
790.88033
789.80469
788.72962
787.65512
786.58119
785.50781
784.43499
783.36272
782.29101
781.21983
780.14921
779.07912
778.00957
776.94055
775.87206
774.8041
773.73667
772.66975
771.60335
770.53746
769.47208
768.40721
767.35165
766.3069
765.26242
764.2182
763.17424
762.13054
761.0871
760.04391
759.00098
757.95831
756.91588
755.87371
754.8318
753.79013
752.74871
751.70753
750.66661
749.62593
748.58549
747.54529
746.50534
745.46562
744.42615
743.38691
742.34791
741.30914
740.27061
739.24648
738.26463
737.28227
736.29942
735.31607
734.33225
733.34794
732.36311
732.35386
835.68815
835.51311
834.41119
833.31005
832.2096
831.10986
830.01081
828.91245
827.81478
826.71779
825.62149
824.52586
823.43092
822.33664
821.24303
820.15009
819.05781
817.96619
816.87522
815.78491
814.69525
813.60624
812.51786
811.43013
810.34303
809.25657
808.17074
807.08553
806.00094
804.91698
803.83363
802.7509
801.66877
800.58725
799.50634
798.42602
797.3463
796.26718
795.18864
794.11069
793.03332
791.95654
790.88033
789.80469
788.72962
787.65512
786.58119
785.50781
784.43499
783.36272
782.29101
781.21983
780.14921
779.07912
778.00957
776.94055
775.87206
774.8041
773.73667
772.66975
771.60335
770.53746
769.47208
768.40721
767.35165
766.3069
765.26242
764.2182
763.17424
762.13054
761.0871
760.04391
759.00098
757.95831
756.91588
755.87371
754.8318
753.79013
752.74871
751.70753
750.66661
749.62593
748.58549
747.54529
746.50534
745.46562
744.42615
743.38691
742.34791
741.30914
740.27061
739.24648
738.26463
737.28227
736.29942
735.31607
734.33225
733.34794
732.36311
732.35386
835.68815
835.51311
834.41119
833.31005
832.2096
831.10986
830.01081
828.91245
827.81478
826.71779
825.62149
824.52586
823.43092
822.33664
821.24303
820.15009
819.05781
817.96619
816.87522
815.78491
814.69525
813.60624
812.51786
811.43013
810.34303
809.25657
808.17074
807.08553
806.00094
804.91698
803.83363
802.7509
801.66877
800.58725
799.50634
798.42602
797.3463
796.26718
795.18864
794.11069
793.03332
791.95654
790.88033
789.80469
788.72962
787.65512
786.58119
785.50781
784.43499
783.36272
782.29101
781.21983
780.14921
779.07912
778.00957
776.94055
775.87206
774.8041
773.73667
772.66975
771.60335
770.53746
769.47208
768.40721
767.35165
766.3069
765.26242
764.2182
763.17424
762.13054
761.0871
760.04391
759.00098
757.95831
756.91588
755.87371
754.8318
753.79013
752.74871
751.70753
750.66661
749.62593
748.58549
747.54529
746.50534
745.46562
744.42615
743.38691
742.34791
741.30914
740.27061
739.24648
738.26463
737.28227
736.29942
735.31607
734.33225
733.34794
732.36311
732.35386
838.35798
837.7151
836.13206
834.55713
832.99019
831.43114
829.87993
828.33646
826.80066
825.27246
823.75177
822.23852
820.73264
819.23404
817.74266
816.25842
814.78123
813.37398
812.01866
810.66845
809.32331
807.98318
806.648
805.31772
803.99228
802.67163
801.35571
800.04448
798.73787
797.43583
796.13831
794.84526
793.55663
792.27235
790.99239
789.71668
788.44519
787.17784
785.91461
784.65543
783.40025
782.14903
780.90171
779.65825
778.4186
777.18271
775.95053
774.72201
773.49711
772.27578
771.05797
769.84364
768.63274
767.42522
766.22105
765.02017
763.82253
762.62811
761.43685
760.2487
759.06364
757.88161
756.70257
755.52648
754.35329
753.18298
752.01549
750.85079
749.68884
748.52959
747.37301
746.21906
745.06771
743.9189
742.77261
741.6288
740.48743
739.35474
738.25522
737.15732
736.06099
734.96622
733.87298
732.78125
731.69101
730.60223
729.5149
728.42898
727.34446
726.26131
725.17951
724.09905
723.0199
721.94204
720.92039
719.95324
718.98507
718.01591
717.04572
717.06944
1848.55
1831.0996
1811.889
1792.7458
1773.6726
1754.672
1735.7472
1716.9013
1698.1375
1679.4592
1660.8702
1642.3742
1623.9751
1605.677
1587.4841
1569.4009
1551.4318
1533.5815
1515.8547
1498.2563
1480.7912
1463.4646
1446.2814
1429.2469
1412.3663
1395.6449
1379.088
1362.7007
1346.4883
1330.456
1314.6089
1298.952
1283.4902
1268.2283
1253.1708
1238.3223
1223.6869
1209.2688
1195.0716
1181.099
1167.3543
1153.8403
1140.5597
1127.515
1114.708
1102.1406
1089.8139
1077.729
1065.8863
1054.2862
1042.9284
1031.8125
1020.9374
1010.3019
999.90423
989.74249
979.8143
970.11697
960.64749
951.40256
942.37857
933.57166
924.9777
916.59234
908.411
900.42892
892.64117
885.04264
877.62812
870.39227
863.32967
856.43483
849.70219
843.12617
836.7012
830.42167
824.28202
818.27673
812.4003
806.78885
801.57974
796.45587
791.41336
786.44839
781.55723
776.73626
771.98195
767.29086
762.65968
758.08519
753.56429
749.09398
744.67137
740.29372
736.02765
731.87337
727.74513
723.6413
719.71752
719.81665
1069.7337
1068.6424
1066.9415
1065.242
1063.5438
1061.8467
1060.1509
1058.4563
1056.7628
1055.0705
1053.3794
1051.6894
1050.0005
1048.3128
1046.6261
1044.9404
1043.2558
1041.5722
1039.8896
1038.2079
1036.5272
1034.8474
1033.1685
1031.4905
1029.8133
1028.1368
1026.4612
1024.7863
1023.1121
1021.4385
1019.7657
1018.0934
1016.4217
1014.7505
1013.0798
1011.4096
1009.6913
1007.7705
1005.8492
1003.9276
1002.0055
1000.083
998.16007
996.23673
994.31296
992.38872
990.464
988.53878
986.61306
984.68682
982.76006
980.83277
978.90494
976.97656
975.04762
973.11811
971.18803
969.25737
967.32612
965.39427
963.46181
961.52875
959.59506
957.66075
955.72582
953.79025
951.85404
949.91718
947.97968
946.04152
944.1027
942.16323
940.22309
938.28229
936.34081
934.39867
932.45586
930.51237
928.56821
926.62338
924.67787
922.73169
920.78484
918.83731
916.81672
914.72517
912.63405
910.5434
908.45323
906.36357
904.27446
902.1859
900.09794
898.01058
895.92387
893.83781
891.75243
889.3485
886.79647
885.74141
1075.8621
1075.3392
1073.5639
1071.7875
1070.0097
1068.2305
1066.45
1064.6681
1062.8847
1061.0999
1059.3135
1057.5257
1055.7363
1053.9454
1052.1529
1050.3588
1048.563
1046.7657
1044.9666
1043.1659
1041.3635
1039.5593
1037.7535
1035.9458
1034.1365
1032.3253
1030.5123
1028.6975
1026.8809
1025.0625
1023.2423
1021.4201
1019.5961
1017.7703
1015.9425
1014.1129
1012.2622
1010.3302
1008.3976
1006.4645
1004.5309
1002.5968
1000.6621
998.72695
996.79136
994.85525
992.91861
990.98144
989.04374
987.10553
985.1668
983.22755
981.28779
979.34752
977.40675
975.46547
973.52369
971.58142
969.63866
967.69541
965.75168
963.80747
961.86279
959.91764
957.97202
956.02595
954.07942
952.13245
950.18503
948.23718
946.28889
944.34018
942.39105
940.4415
938.49154
936.54118
934.59043
932.63928
930.68775
928.73583
926.78355
924.8309
922.87789
920.92452
918.95166
916.96033
914.96955
912.97931
910.9896
909.00042
907.01177
905.02363
903.03601
901.0489
899.06228
897.07616
895.09053
893.02911
890.93392
890.69435
1059.6003
1059.2943
1057.7495
1056.2011
1054.6492
1053.0935
1051.5341
1049.9709
1048.4039
1046.8331
1045.2584
1043.6798
1042.0973
1040.5108
1038.9203
1037.3259
1035.7274
1034.1248
1032.5181
1030.9074
1029.2925
1027.6735
1026.0503
1024.423
1022.7914
1021.1557
1019.5158
1017.8716
1016.2233
1014.5706
1012.9138
1011.2527
1009.5874
1007.9179
1006.2441
1004.566
1002.8837
1001.1972
999.50653
997.81159
996.11246
994.40912
992.70161
990.99005
989.27442
987.55466
985.83079
984.10283
982.37079
980.6347
978.89458
977.15045
975.40233
973.65026
971.89426
970.13435
968.37056
966.60293
964.83149
963.05626
961.27727
959.49457
957.70819
955.91815
954.1245
952.32727
950.5265
948.72223
946.91449
945.10332
943.28877
941.47087
939.64966
937.82529
935.99772
934.16696
932.33305
930.49603
928.65594
926.81283
924.96673
923.1177
921.26577
919.41099
917.55341
915.69306
913.82999
911.96425
910.09588
908.22492
906.35141
904.47541
902.59695
900.71607
898.83283
896.94726
895.05941
893.16932
891.27694
891.23574
1059.6003
1059.2943
1057.7495
1056.2011
1054.6492
1053.0935
1051.5341
1049.9709
1048.4039
1046.8331
1045.2584
1043.6798
1042.0973
1040.5108
1038.9203
1037.3259
1035.7274
1034.1248
1032.5181
1030.9074
1029.2925
1027.6735
1026.0503
1024.423
1022.7914
1021.1557
1019.5158
1017.8716
1016.2233
1014.5706
1012.9138
1011.2527
1009.5874
1007.9179
1006.2441
1004.566
1002.8837
1001.1972
999.50653
997.81159
996.11246
994.40912
992.70161
990.99005
989.27442
987.55466
985.83079
984.10283
982.37079
980.6347
978.89458
977.15045
975.40233
973.65026
971.89426
970.13435
968.37056
966.60293
964.83149
963.05626
961.27727
959.49457
957.70819
955.91815
954.1245
952.32727
950.5265
948.72223
946.91449
945.10332
943.28877
941.47087
939.64966
937.82529
935.99772
934.16696
932.33305
930.49603
928.65594
926.81283
924.96673
923.1177
921.26577
919.41099
917.55341
915.69306
913.82999
911.96425
910.09588
908.22492
906.35141
904.47541
902.59695
900.71607
898.83283
896.94726
895.05941
893.16932
891.27694
891.23574
1082.5657
1082.4129
1081.0867
1079.9595
1078.7884
1077.3908
1075.6871
1073.707
1071.5437
1069.2968
1067.0384
1064.8078
1062.6198
1060.4746
1058.3673
1056.2882
1054.2294
1052.1844
1050.1487
1048.1191
1046.0939
1044.0721
1042.0535
1040.038
1038.0259
1036.0171
1034.0117
1032.0096
1030.0107
1028.0149
1026.0224
1024.0325
1022.0448
1020.0592
1018.0753
1016.0931
1014.1124
1012.1329
1010.1547
1008.1776
1006.2015
1004.2262
1002.2518
1000.278
998.30504
996.33274
994.36091
992.38948
990.41839
988.4476
986.47705
984.50671
982.52971
980.55968
978.58976
976.61992
974.65016
972.67394
970.67505
968.6768
966.67919
964.68225
962.68596
960.69034
958.69541
956.70116
954.70762
952.71479
950.72269
948.73135
946.71398
944.72439
942.7356
940.74767
938.76059
936.77441
934.78914
932.80483
930.75493
928.70174
926.65301
924.60894
922.56976
920.53574
918.50724
916.4847
914.4687
912.45997
910.45952
908.46864
906.48908
904.52316
902.57395
900.64537
898.74237
896.87069
895.03636
893.24405
891.49365
892.14404
