-143419.43
-434335.25
-383606.27
-341270.07
-2130337
-143419.43
-434335.25
-383606.27
-341270.07
-2130337
-143419.43
-434335.25
-383606.27
-341270.07
-2130337
-143419.43
-434335.25
-383606.27
-341270.07
-2130337
-6218170.5
-6349259.8
-5837473
-4802631.7
848971.5
-143419.43
-434335.25
-383606.27
-341270.07
-2130337
-1547088.6
-1776674.6
-1687346.9
-1613972.4
-2065326.9
-1525126.6
-1755134
-1665935.4
-1592690.8
-2056035.6
-1525115.9
-1755123.3
-1665917.4
-1592680.8
-2056028.1
2428661.3
2421722.8
2402580.4
2364439.2
2322559.9
2279918.5
2237093
2194195.2
2151246.8
2108251.8
2065210.7
2022123.6
1978990.3
1935810.5
1892584.1
1849310.9
1805990.7
1762623.3
1719208.5
1675746
1632235.6
1588677.3
1545070.7
1501415.6
1457711.9
1413959.4
1370157.7
1326306.8
1282406.4
1238456.2
1194456.2
1150406
1106305.5
1062154.5
1017952.7
973699.91
929395.95
885040.59
840633.62
796174.82
751663.97
707100.86
662485.28
617817
573095.81
528321.49
483493.83
438612.6
393677.6
348688.59
303645.36
258547.69
213395.36
168188.15
122925.84
77608.206
32235.032
-13193.906
-58678.831
-104219.96
-149817.52
-195471.74
-241182.83
-286951.01
-332406.29
-377484.25
-422629.11
-467841
-513120.08
-558466.5
-603880.41
-649361.96
-694911.31
-740528.59
-786213.98
-831967.61
-877789.64
-923680.23
-969639.52
-1015667.7
-1061764.9
-1107931.2
-1154166.9
-1200472.1
-1246846.9
-1293291.5
-1339806.1
-1386390.8
-1433045.7
-1479771.1
-1526567.1
-1572829.9
-1617369.7
-1662005.9
-1706721.7
-1751425.2
-1795602.7
-1836390.1
-1857804.6
-1858340.4
-4597435.7
-4600722
-4608769.2
-4642896.8
-4682312.7
-4724569.4
-4766249.3
-4808192.1
-4849736.5
-4890296.3
-4931604.9
-4972562.3
-5013019.7
-5053152.3
-5092756.8
-5131950.6
-5170655.4
-5208882.1
-5246612.3
-5283835.9
-5320542.2
-5356719.7
-5392358.7
-5427449.3
-5461981.7
-5495946.7
-5529335.2
-5562138.3
-5594347.3
-5625953.4
-5656948.2
-5687323
-5717069.4
-5746178.9
-5774642.8
-5802452.5
-5829599.2
-5856073.8
-5881867.2
-5906970.1
-5931372.6
-5955064.7
-5978036.3
-6000276.5
-6021773.6
-6042516.6
-6062493.2
-6081691.2
-6100102.7
-6117741.1
-6134741.1
-6151889.2
-4234117.9
-4244167.6
-4252327.1
-4259357.2
-4265381.2
-4270402.7
-4274401.1
-4277350.3
-4279220.5
-4279980.9
-4279596.2
-4278031.8
-4275890.3
-4273268.8
-4269388.1
-4264212
-4257770
-4250396.2
-3273725.7
-3264359.4
-3252962.8
-3239848.8
-3225012.8
-3208385.4
-3189878.6
-3169389.2
-3146800.9
-3121981
-3094778.4
-3065017.9
-3032496
-2996975.3
-2958175.8
-2915758.3
-2869323.8
-2818361.7
-2762282.8
-2700224.9
-2631325.6
-2554997.1
-2472414
-2375927
-2265938.4
-2125479.8
-1967402.2
-1697681.8
-936126.15
-1160794.8
2093447.5
2018177.3
1545082.5
1062177.8
573119
77631.259
-422606.15
-923646.98
-1429130.6
-1440396.5
2097392.6
2022124.5
1545111.1
1062194.6
573135.71
77647.876
-422589.65
-923640.97
-1432967.6
-1444237.2
2097432.2
2022164.1
1545111.3
1062194.8
573135.88
77648.042
-422589.49
-923640.81
-1433006.1
-1444275.8
-160968.08
-171300.9
-674872.82
-1185492.9
-1703947.2
-2230974.7
-687479.51
-190150.66
-712367.61
-713069.13
-212078.43
-213203.04
-707664.47
-1210776.1
-1723149.5
-2245334.1
-701438.7
-244884.16
-766753.59
-766841.18
2457922.3
2450985.2
2408308.8
2365584.3
2322815.1
2280001.1
2237142.1
2194237.8
2151288.1
2108292.8
2065251.6
2022164.5
1979031.1
1935851.3
1892624.9
1849351.7
1806031.5
1762664
1719249.2
1675786.6
1632276.3
1588717.9
1545111.3
1501456.2
1457752.5
1413999.9
1370198.2
1326347.2
1282446.8
1238496.6
1194496.6
1150446.4
1106345.9
1062194.8
1017993
973740.19
929436.21
885080.83
840673.83
796215
751704.13
707141
662525.39
617857.09
573135.88
528361.54
483533.86
438652.61
393717.58
348728.55
303685.3
258587.61
213435.26
168228.03
122965.69
77648.041
32274.847
-13154.112
-58639.057
-104180.21
-149777.79
-195432.02
-241143.13
-286911.34
-332366.64
-377444.62
-422589.49
-467801.4
-513080.5
-558426.94
-603840.87
-649322.44
-694871.8
-740489.1
-786174.5
-831928.15
-877750.2
-923640.81
-969600.12
-1015628.3
-1061725.5
-1107891.9
-1154127.6
-1200432.8
-1246807.6
-1293252.2
-1339766.8
-1386351.5
-1433006.5
-1479731.9
-1526527.9
-1572790.8
-1617331.5
-1661972.1
-1706712.5
-1751552.8
-1796492.7
-1841532.2
-1886667.7
-1887206.1
