0
-0.0047326694
-0.00011691443
-0.0044886363
0
0
-0.0047326694
-0.00011691443
-0.0044886363
0
0
-0.0047326694
-0.00011691443
-0.0044886363
0
0
-0.0047326694
-0.00011691443
-0.0044886363
0
0
-7.5416795
-0.079558095
-8.0271391
0
0
-0.0047326694
-0.00011691443
-0.0044886363
0
0
0.53678994
0.007495489
0.53181072
0
0
0.54180412
0.0075482052
0.53679868
0
0
0.00045634367
0.00086797853
0.00046592176
0
0
-0.007454239
-0.0049248268
-0.0049494949
-0.004947979
-0.0049465606
-0.0049451431
-0.0049437266
-0.0049423112
-0.0049408968
-0.0049394834
-0.0049380711
-0.0049366598
-0.0049352495
-0.0049338403
-0.0049324321
-0.0049310249
-0.0049296187
-0.0049282136
-0.0049268095
-0.0049254064
-0.0049240043
-0.0049226032
-0.0049212032
-0.0049198041
-0.0049184061
-0.0049170091
-0.0049156131
-0.0049142181
-0.0049128241
-0.0049114312
-0.0049100392
-0.0049086483
-0.0049072583
-0.0049058694
-0.0049044814
-0.0049030945
-0.0049017085
-0.0049003236
-0.0048989396
-0.0048975567
-0.0048961747
-0.0048947937
-0.0048934138
-0.0048920348
-0.0048906568
-0.0048892798
-0.0048879037
-0.0048865287
-0.0048851546
-0.0048837816
-0.0048824095
-0.0048810384
-0.0048796683
-0.0048782991
-0.0048769309
-0.0048755638
-0.0048741975
-0.0048728323
-0.004871468
-0.0048701047
-0.0048687424
-0.004867381
-0.0048660206
-0.0048646612
-0.0048633028
-0.0048619453
-0.0048605887
-0.0048592332
-0.0048578786
-0.0048565249
-0.0048551722
-0.0048538205
-0.0048524697
-0.0048511199
-0.0048497711
-0.0048484231
-0.0048470762
-0.0048457302
-0.0048443851
-0.004843041
-0.0048416979
-0.0048403556
-0.0048390144
-0.004837674
-0.0048363347
-0.0048349962
-0.0048336587
-0.0048323222
-0.0048309865
-0.0048296519
-0.0048283181
-0.0048269853
-0.0048256534
-0.0048243227
-0.0048229793
-0.0048230508
-0.004787353
-0.0073076732
0
0
-0.0044121393
-0.00086681437
-0.0036313854
-0.0021641892
-0.0030980466
-0.0028565524
-0.0031125092
-0.0031795772
-0.0033073843
-0.0034147326
-0.0035254818
-0.0036332866
-0.0037397185
-0.0038444451
-0.0039475563
-0.004049055
-0.0041489603
-0.0042472885
-0.0043440562
-0.0044392796
-0.004532975
-0.0046251583
-0.0047158455
-0.0048050524
-0.0048927945
-0.0049790873
-0.0050639462
-0.0051473864
-0.005229423
-0.0053100709
-0.0053893449
-0.0054672597
-0.0055438298
-0.0056190697
-0.0056929936
-0.0057656157
-0.00583695
-0.0059070105
-0.0059758108
-0.0060433647
-0.0061096857
-0.0061747872
-0.0062386824
-0.0063013845
-0.0063629066
-0.0064232616
-0.0064824623
-0.0065405214
-0.0065974514
-0.0066532648
-0.006707974
-0.0067615911
-0.0068141283
-0.0068655974
-0.0069160111
-0.0069653789
-0.0070137175
-0.0070610289
-0.0071073401
-0.0071526424
-0.0071969622
-0.0072403214
-0.0072826609
-0.0073240775
-0.0073638023
-0.0074014905
-0.0074375231
-0.0074716731
-0.0075040992
-0.0075347555
-0.0075636887
-0.0075909086
-0.0076164376
-0.007640294
-0.007662497
-0.0076830654
-0.0077020176
-0.0077193723
-0.007735147
-0.0077493625
-0.0077620261
-0.0077731974
-0.0077827339
-0.0077912399
-0.0077966693
-0.0078059698
-0.007796994
-0.0078370021
-0.007733214
-0.0080058064
-0.0073404407
-0.008828321
-0.0057354143
-0.011516045
-0.0017191094
-0.016281669
0.0025031709
-0.017368151
0
0
-0.0035824355
-0.00071371687
-0.0025168627
-0.0016874896
-0.0016831561
-0.0024928877
-0.00070374616
-0.0035040856
0
0
-0.0035762999
-0.00071308757
-0.0025125686
-0.0016842099
-0.001681895
-0.0024864587
-0.00070515771
-0.0034969627
0
0
-0.0035762386
-0.00071308128
-0.0025125257
-0.0016841771
-0.0016818824
-0.0024863945
-0.00070517177
-0.0034968916
0
0
0.0025331714
-0.0023346389
0.00094268012
-0.0042369033
0.00010973824
-0.0057191052
-0.00020067415
-0.0064991537
0
0
0.0038167786
-0.0041358798
0.00084605094
-0.0066601658
-0.00062600677
-0.0081146668
-0.0011382535
-0.0084888964
0
0
-0.0050443375
-0.0018703052
-0.0031711584
-0.0027922807
-0.0028747216
-0.0028592833
-0.0028605854
-0.002859505
-0.0028587146
-0.0028578942
-0.0028570773
-0.0028562607
-0.0028554447
-0.0028546294
-0.0028538146
-0.0028530004
-0.0028521869
-0.0028513739
-0.0028505615
-0.0028497497
-0.0028489385
-0.0028481278
-0.0028473178
-0.0028465083
-0.0028456995
-0.0028448912
-0.0028440835
-0.0028432764
-0.0028424698
-0.0028416639
-0.0028408585
-0.0028400538
-0.0028392496
-0.0028384459
-0.0028376429
-0.0028368404
-0.0028360385
-0.0028352372
-0.0028344365
-0.0028336364
-0.0028328368
-0.0028320378
-0.0028312393
-0.0028304415
-0.0028296442
-0.0028288475
-0.0028280513
-0.0028272558
-0.0028264608
-0.0028256663
-0.0028248725
-0.0028240792
-0.0028232865
-0.0028224943
-0.0028217027
-0.0028209117
-0.0028201212
-0.0028193313
-0.0028185419
-0.0028177532
-0.0028169649
-0.0028161773
-0.0028153902
-0.0028146037
-0.0028138177
-0.0028130323
-0.0028122474
-0.0028114631
-0.0028106793
-0.0028098961
-0.0028091135
-0.0028083314
-0.0028075499
-0.0028067689
-0.0028059885
-0.0028052086
-0.0028044293
-0.0028036505
-0.0028028723
-0.0028020946
-0.0028013175
-0.0028005409
-0.0027997649
-0.0027989894
-0.0027982144
-0.00279744
-0.0027966662
-0.0027958929
-0.0027951199
-0.0027943503
-0.002793551
-0.0027930379
-0.0027901743
-0.002803819
-0.0027210127
-0.0030922338
-0.0018134086
-0.0049180233
0
